-0.309, 1.206e-6, 1.409e-5
-0.308, 4.547e-7, 1.410e-5
-0.307, -1.249e-7, 1.410e-5
-0.306, -1.429e-7, 1.410e-5
-0.305, -4.877e-7, 1.409e-5
-0.304, -4.120e-7, 1.409e-5
-0.303, -7.012e-7, 1.408e-5
-0.302, -6.322e-7, 1.407e-5
-0.301, -8.851e-7, 1.406e-5
-0.300, -7.727e-7, 1.406e-5
-0.299, -1.043e-6, 1.405e-5
-0.298, -9.168e-7, 1.404e-5
-0.297, -1.144e-6, 1.403e-5
-0.296, -1.012e-6, 1.402e-5
-0.295, -1.248e-6, 1.400e-5
-0.294, -1.091e-6, 1.399e-5
-0.293, -1.334e-6, 1.398e-5
-0.292, -1.183e-6, 1.397e-5
-0.291, -1.394e-6, 1.395e-5
-0.290, -1.249e-6, 1.394e-5
-0.289, -1.476e-6, 1.393e-5
-0.288, -1.311e-6, 1.391e-5
-0.287, -1.516e-6, 1.390e-5
-0.286, -1.372e-6, 1.388e-5
-0.285, -1.591e-6, 1.387e-5
-0.284, -1.414e-6, 1.385e-5
-0.283, -1.644e-6, 1.384e-5
-0.282, -1.461e-6, 1.382e-5
-0.281, -1.671e-6, 1.381e-5
-0.280, -1.507e-6, 1.379e-5
-0.279, -1.737e-6, 1.377e-5
-0.278, -1.542e-6, 1.376e-5
-0.277, -1.757e-6, 1.374e-5
-0.276, -1.607e-6, 1.372e-5
-0.275, -1.799e-6, 1.371e-5
-0.274, -1.615e-6, 1.369e-5
-0.273, -1.868e-6, 1.367e-5
-0.272, -1.667e-6, 1.366e-5
-0.271, -1.880e-6, 1.364e-5
-0.270, -1.726e-6, 1.362e-5
-0.269, -1.909e-6, 1.360e-5
-0.268, -1.726e-6, 1.358e-5
-0.267, -1.947e-6, 1.356e-5
-0.266, -1.780e-6, 1.355e-5
-0.265, -1.973e-6, 1.353e-5
-0.264, -1.808e-6, 1.351e-5
-0.263, -2.029e-6, 1.349e-5
-0.262, -1.833e-6, 1.347e-5
-0.261, -2.043e-6, 1.345e-5
-0.260, -1.897e-6, 1.343e-5
-0.259, -2.076e-6, 1.341e-5
-0.258, -1.883e-6, 1.339e-5
-0.257, -2.127e-6, 1.337e-5
-0.256, -1.935e-6, 1.335e-5
-0.255, -2.135e-6, 1.333e-5
-0.254, -1.963e-6, 1.331e-5
-0.253, -2.172e-6, 1.329e-5
-0.252, -1.979e-6, 1.327e-5
-0.251, -2.193e-6, 1.325e-5
-0.250, -2.016e-6, 1.322e-5
-0.249, -2.211e-6, 1.320e-5
-0.248, -2.032e-6, 1.318e-5
-0.247, -2.236e-6, 1.316e-5
-0.246, -2.028e-6, 1.314e-5
-0.245, -2.238e-6, 1.312e-5
-0.244, -2.079e-6, 1.310e-5
-0.243, -2.267e-6, 1.307e-5
-0.242, -2.064e-6, 1.305e-5
-0.241, -2.268e-6, 1.303e-5
-0.240, -2.059e-6, 1.301e-5
-0.239, -2.247e-6, 1.299e-5
-0.238, -2.096e-6, 1.297e-5
-0.237, -2.267e-6, 1.294e-5
-0.236, -2.080e-6, 1.292e-5
-0.235, -2.262e-6, 1.290e-5
-0.234, -2.069e-6, 1.288e-5
-0.233, -2.247e-6, 1.286e-5
-0.232, -2.072e-6, 1.284e-5
-0.231, -2.255e-6, 1.281e-5
-0.230, -2.053e-6, 1.279e-5
-0.229, -2.231e-6, 1.277e-5
-0.228, -2.044e-6, 1.275e-5
-0.227, -2.220e-6, 1.273e-5
-0.226, -2.020e-6, 1.271e-5
-0.225, -2.241e-6, 1.269e-5
-0.224, -2.034e-6, 1.267e-5
-0.223, -2.173e-6, 1.264e-5
-0.222, -2.036e-6, 1.262e-5
-0.221, -2.184e-6, 1.260e-5
-0.220, -1.982e-6, 1.258e-5
-0.219, -2.184e-6, 1.256e-5
-0.218, -1.986e-6, 1.254e-5
-0.217, -2.152e-6, 1.252e-5
-0.216, -1.971e-6, 1.250e-5
-0.215, -2.161e-6, 1.248e-5
-0.214, -1.953e-6, 1.246e-5
-0.213, -2.129e-6, 1.244e-5
-0.212, -1.964e-6, 1.242e-5
-0.211, -2.130e-6, 1.240e-5
-0.210, -1.927e-6, 1.238e-5
-0.209, -2.129e-6, 1.236e-5
-0.208, -1.934e-6, 1.234e-5
-0.207, -2.104e-6, 1.231e-5
-0.206, -1.932e-6, 1.230e-5
-0.205, -2.093e-6, 1.227e-5
-0.204, -1.863e-6, 1.226e-5
-0.203, -2.072e-6, 1.224e-5
-0.202, -1.885e-6, 1.222e-5
-0.201, -2.045e-6, 1.220e-5
-0.200, -1.875e-6, 1.218e-5
-0.199, -2.045e-6, 1.216e-5
-0.198, -1.842e-6, 1.214e-5
-0.197, -1.997e-6, 1.212e-5
-0.196, -1.837e-6, 1.210e-5
-0.195, -1.964e-6, 1.208e-5
-0.194, -1.785e-6, 1.206e-5
-0.193, -1.956e-6, 1.204e-5
-0.192, -1.754e-6, 1.203e-5
-0.191, -1.905e-6, 1.201e-5
-0.190, -1.739e-6, 1.199e-5
-0.189, -1.874e-6, 1.197e-5
-0.188, -1.685e-6, 1.195e-5
-0.187, -1.844e-6, 1.193e-5
-0.186, -1.667e-6, 1.192e-5
-0.185, -1.815e-6, 1.190e-5
-0.184, -1.625e-6, 1.188e-5
-0.183, -1.771e-6, 1.187e-5
-0.182, -1.587e-6, 1.185e-5
-0.181, -1.751e-6, 1.183e-5
-0.180, -1.575e-6, 1.182e-5
-0.179, -1.709e-6, 1.180e-5
-0.178, -1.524e-6, 1.178e-5
-0.177, -1.701e-6, 1.177e-5
-0.176, -1.502e-6, 1.175e-5
-0.175, -1.666e-6, 1.174e-5
-0.174, -1.511e-6, 1.172e-5
-0.173, -1.637e-6, 1.170e-5
-0.172, -1.476e-6, 1.169e-5
-0.171, -1.635e-6, 1.167e-5
-0.170, -1.449e-6, 1.166e-5
-0.169, -1.597e-6, 1.164e-5
-0.168, -1.449e-6, 1.163e-5
-0.167, -1.594e-6, 1.161e-5
-0.166, -1.438e-6, 1.160e-5
-0.165, -1.581e-6, 1.158e-5
-0.164, -1.433e-6, 1.157e-5
-0.163, -1.571e-6, 1.155e-5
-0.162, -1.415e-6, 1.154e-5
-0.161, -1.578e-6, 1.152e-5
-0.160, -1.405e-6, 1.151e-5
-0.159, -1.555e-6, 1.149e-5
-0.158, -1.434e-6, 1.148e-5
-0.157, -1.563e-6, 1.146e-5
-0.156, -1.411e-6, 1.145e-5
-0.155, -1.576e-6, 1.143e-5
-0.154, -1.421e-6, 1.142e-5
-0.153, -1.575e-6, 1.140e-5
-0.152, -1.432e-6, 1.139e-5
-0.151, -1.583e-6, 1.137e-5
-0.150, -1.434e-6, 1.136e-5
-0.149, -1.569e-6, 1.134e-5
-0.148, -1.455e-6, 1.133e-5
-0.147, -1.597e-6, 1.131e-5
-0.146, -1.455e-6, 1.130e-5
-0.145, -1.620e-6, 1.128e-5
-0.144, -1.455e-6, 1.127e-5
-0.143, -1.604e-6, 1.125e-5
-0.142, -1.485e-6, 1.124e-5
-0.141, -1.639e-6, 1.122e-5
-0.140, -1.487e-6, 1.120e-5
-0.139, -1.651e-6, 1.119e-5
-0.138, -1.506e-6, 1.117e-5
-0.137, -1.658e-6, 1.116e-5
-0.136, -1.520e-6, 1.114e-5
-0.135, -1.684e-6, 1.112e-5
-0.134, -1.519e-6, 1.111e-5
-0.133, -1.674e-6, 1.109e-5
-0.132, -1.542e-6, 1.108e-5
-0.131, -1.687e-6, 1.106e-5
-0.130, -1.548e-6, 1.104e-5
-0.129, -1.719e-6, 1.103e-5
-0.128, -1.553e-6, 1.101e-5
-0.127, -1.703e-6, 1.100e-5
-0.126, -1.580e-6, 1.098e-5
-0.125, -1.708e-6, 1.096e-5
-0.124, -1.560e-6, 1.095e-5
-0.123, -1.728e-6, 1.093e-5
-0.122, -1.576e-6, 1.091e-5
-0.121, -1.714e-6, 1.090e-5
-0.120, -1.584e-6, 1.088e-5
-0.119, -1.717e-6, 1.086e-5
-0.118, -1.565e-6, 1.085e-5
-0.117, -1.720e-6, 1.083e-5
-0.116, -1.584e-6, 1.081e-5
-0.115, -1.716e-6, 1.080e-5
-0.114, -1.566e-6, 1.078e-5
-0.113, -1.733e-6, 1.076e-5
-0.112, -1.581e-6, 1.075e-5
-0.111, -1.704e-6, 1.073e-5
-0.110, -1.585e-6, 1.072e-5
-0.109, -1.715e-6, 1.070e-5
-0.108, -1.586e-6, 1.068e-5
-0.107, -1.744e-6, 1.067e-5
-0.106, -1.602e-6, 1.065e-5
-0.105, -1.733e-6, 1.063e-5
-0.104, -1.614e-6, 1.062e-5
-0.103, -1.763e-6, 1.060e-5
-0.102, -1.661e-6, 1.058e-5
-0.101, -1.785e-6, 1.056e-5
-0.100, -1.664e-6, 1.055e-5
-0.099, -1.781e-6, 1.053e-5
-0.098, -1.651e-6, 1.051e-5
-0.097, -1.824e-6, 1.049e-5
-0.096, -1.688e-6, 1.048e-5
-0.095, -1.830e-6, 1.046e-5
-0.094, -1.728e-6, 1.044e-5
-0.093, -1.865e-6, 1.042e-5
-0.092, -1.735e-6, 1.041e-5
-0.091, -1.894e-6, 1.039e-5
-0.090, -1.779e-6, 1.037e-5
-0.089, -1.915e-6, 1.035e-5
-0.088, -1.813e-6, 1.033e-5
-0.087, -1.942e-6, 1.031e-5
-0.086, -1.821e-6, 1.029e-5
-0.085, -1.978e-6, 1.027e-5
-0.084, -1.883e-6, 1.026e-5
-0.083, -2.004e-6, 1.024e-5
-0.082, -1.885e-6, 1.022e-5
-0.081, -2.037e-6, 1.020e-5
-0.080, -1.901e-6, 1.018e-5
-0.079, -2.025e-6, 1.016e-5
-0.078, -1.939e-6, 1.014e-5
-0.077, -2.052e-6, 1.012e-5
-0.076, -1.931e-6, 1.010e-5
-0.075, -2.067e-6, 1.008e-5
-0.074, -1.948e-6, 1.006e-5
-0.073, -2.053e-6, 1.004e-5
-0.072, -1.939e-6, 1.002e-5
-0.071, -2.043e-6, 9.998e-6
-0.070, -1.925e-6, 9.978e-6
-0.069, -2.024e-6, 9.958e-6
-0.068, -1.909e-6, 9.939e-6
-0.067, -1.998e-6, 9.919e-6
-0.066, -1.864e-6, 9.900e-6
-0.065, -1.971e-6, 9.881e-6
-0.064, -1.820e-6, 9.863e-6
-0.063, -1.906e-6, 9.844e-6
-0.062, -1.777e-6, 9.826e-6
-0.061, -1.864e-6, 9.807e-6
-0.060, -1.711e-6, 9.790e-6
-0.059, -1.795e-6, 9.772e-6
-0.058, -1.655e-6, 9.755e-6
-0.057, -1.714e-6, 9.738e-6
-0.056, -1.573e-6, 9.723e-6
-0.055, -1.662e-6, 9.706e-6
-0.054, -1.484e-6, 9.691e-6
-0.053, -1.558e-6, 9.676e-6
-0.052, -1.413e-6, 9.661e-6
-0.051, -1.484e-6, 9.647e-6
-0.050, -1.324e-6, 9.633e-6
-0.049, -1.414e-6, 9.619e-6
-0.048, -1.253e-6, 9.607e-6
-0.047, -1.316e-6, 9.594e-6
-0.046, -1.190e-6, 9.582e-6
-0.045, -1.251e-6, 9.569e-6
-0.044, -1.100e-6, 9.558e-6
-0.043, -1.184e-6, 9.546e-6
-0.042, -1.041e-6, 9.536e-6
-0.041, -1.105e-6, 9.525e-6
-0.040, -9.732e-7, 9.515e-6
-0.039, -1.040e-6, 9.505e-6
-0.038, -9.056e-7, 9.496e-6
-0.037, -9.750e-7, 9.486e-6
-0.036, -8.597e-7, 9.477e-6
-0.035, -9.182e-7, 9.468e-6
-0.034, -7.929e-7, 9.460e-6
-0.033, -8.732e-7, 9.451e-6
-0.032, -7.480e-7, 9.444e-6
-0.031, -8.080e-7, 9.436e-6
-0.030, -7.181e-7, 9.429e-6
-0.029, -7.660e-7, 9.421e-6
-0.028, -6.615e-7, 9.414e-6
-0.027, -7.400e-7, 9.407e-6
-0.026, -6.298e-7, 9.401e-6
-0.025, -6.926e-7, 9.394e-6
-0.024, -5.987e-7, 9.388e-6
-0.023, -6.620e-7, 9.381e-6
-0.022, -5.659e-7, 9.376e-6
-0.021, -6.251e-7, 9.369e-6
-0.020, -5.470e-7, 9.364e-6
-0.019, -5.981e-7, 9.358e-6
-0.018, -5.159e-7, 9.353e-6
-0.017, -5.813e-7, 9.347e-6
-0.016, -4.924e-7, 9.342e-6
-0.015, -5.498e-7, 9.336e-6
-0.014, -4.840e-7, 9.332e-6
-0.013, -5.286e-7, 9.326e-6
-0.012, -4.557e-7, 9.322e-6
-0.011, -5.109e-7, 9.317e-6
-0.010, -4.397e-7, 9.312e-6
-0.009, -4.866e-7, 9.307e-6
-0.008, -4.278e-7, 9.303e-6
-0.007, -4.761e-7, 9.298e-6
-0.006, -4.067e-7, 9.294e-6
-0.005, -4.540e-7, 9.290e-6
-0.004, -3.988e-7, 9.286e-6
-0.003, -4.399e-7, 9.281e-6
-0.002, -3.819e-7, 9.278e-6
-0.001, -4.290e-7, 9.273e-6
0.000, -3.580e-7, 9.270e-6
0.001, -4.066e-7, 9.266e-6
0.002, -3.653e-7, 9.262e-6
0.003, -4.010e-7, 9.258e-6
0.004, -3.466e-7, 9.254e-6
0.005, -3.952e-7, 9.251e-6
0.006, -3.378e-7, 9.247e-6
0.007, -3.785e-7, 9.243e-6
0.008, -3.346e-7, 9.240e-6
0.009, -3.698e-7, 9.236e-6
0.010, -3.191e-7, 9.233e-6
0.011, -3.620e-7, 9.230e-6
0.012, -3.151e-7, 9.226e-6
0.013, -3.505e-7, 9.223e-6
0.014, -3.009e-7, 9.220e-6
0.015, -3.448e-7, 9.216e-6
0.016, -2.936e-7, 9.213e-6
0.017, -3.304e-7, 9.210e-6
0.018, -2.910e-7, 9.207e-6
0.019, -3.257e-7, 9.204e-6
0.020, -2.840e-7, 9.201e-6
0.021, -3.234e-7, 9.198e-6
0.022, -2.756e-7, 9.195e-6
0.023, -3.085e-7, 9.192e-6
0.024, -2.727e-7, 9.189e-6
0.025, -3.025e-7, 9.186e-6
0.026, -2.647e-7, 9.184e-6
0.027, -2.949e-7, 9.181e-6
0.028, -2.608e-7, 9.178e-6
0.029, -2.887e-7, 9.175e-6
0.030, -2.542e-7, 9.173e-6
0.031, -2.850e-7, 9.170e-6
0.032, -2.476e-7, 9.167e-6
0.033, -2.789e-7, 9.165e-6
0.034, -2.475e-7, 9.162e-6
0.035, -2.719e-7, 9.159e-6
0.036, -2.376e-7, 9.157e-6
0.037, -2.731e-7, 9.154e-6
0.038, -2.331e-7, 9.152e-6
0.039, -2.627e-7, 9.149e-6
0.040, -2.335e-7, 9.147e-6
0.041, -2.611e-7, 9.144e-6
0.042, -2.285e-7, 9.142e-6
0.043, -2.556e-7, 9.140e-6
0.044, -2.250e-7, 9.137e-6
0.045, -2.524e-7, 9.135e-6
0.046, -2.207e-7, 9.133e-6
0.047, -2.472e-7, 9.130e-6
0.048, -2.175e-7, 9.128e-6
0.049, -2.396e-7, 9.125e-6
0.050, -2.186e-7, 9.123e-6
0.051, -2.387e-7, 9.121e-6
0.052, -2.113e-7, 9.119e-6
0.053, -2.395e-7, 9.116e-6
0.054, -2.074e-7, 9.114e-6
0.055, -2.338e-7, 9.112e-6
0.056, -2.069e-7, 9.110e-6
0.057, -2.319e-7, 9.108e-6
0.058, -2.048e-7, 9.106e-6
0.059, -2.313e-7, 9.103e-6
0.060, -2.019e-7, 9.101e-6
0.061, -2.289e-7, 9.099e-6
0.062, -1.973e-7, 9.097e-6
0.063, -2.269e-7, 9.095e-6
0.064, -1.958e-7, 9.093e-6
0.065, -2.231e-7, 9.091e-6
0.066, -1.967e-7, 9.089e-6
0.067, -2.221e-7, 9.086e-6
0.068, -1.933e-7, 9.084e-6
0.069, -2.217e-7, 9.082e-6
0.070, -1.916e-7, 9.080e-6
0.071, -2.169e-7, 9.078e-6
0.072, -1.926e-7, 9.076e-6
0.073, -2.152e-7, 9.074e-6
0.074, -1.894e-7, 9.072e-6
0.075, -2.157e-7, 9.070e-6
0.076, -1.897e-7, 9.068e-6
0.077, -2.118e-7, 9.066e-6
0.078, -1.883e-7, 9.064e-6
0.079, -2.133e-7, 9.062e-6
0.080, -1.871e-7, 9.060e-6
0.081, -2.101e-7, 9.058e-6
0.082, -1.892e-7, 9.056e-6
0.083, -2.108e-7, 9.054e-6
0.084, -1.865e-7, 9.052e-6
0.085, -2.107e-7, 9.050e-6
0.086, -1.866e-7, 9.048e-6
0.087, -2.077e-7, 9.046e-6
0.088, -1.867e-7, 9.044e-6
0.089, -2.070e-7, 9.042e-6
0.090, -1.860e-7, 9.040e-6
0.091, -2.077e-7, 9.038e-6
0.092, -1.857e-7, 9.036e-6
0.093, -2.055e-7, 9.034e-6
0.094, -1.846e-7, 9.032e-6
0.095, -2.082e-7, 9.030e-6
0.096, -1.834e-7, 9.028e-6
0.097, -2.058e-7, 9.026e-6
0.098, -1.858e-7, 9.025e-6
0.099, -2.048e-7, 9.023e-6
0.100, -1.835e-7, 9.021e-6
0.101, -2.071e-7, 9.019e-6
0.102, -1.843e-7, 9.017e-6
0.103, -2.078e-7, 9.015e-6
0.104, -1.848e-7, 9.013e-6
0.105, -2.049e-7, 9.011e-6
0.106, -1.837e-7, 9.009e-6
0.107, -2.030e-7, 9.007e-6
0.108, -1.843e-7, 9.005e-6
0.109, -2.027e-7, 9.003e-6
0.110, -1.825e-7, 9.001e-6
0.111, -2.052e-7, 8.999e-6
0.112, -1.829e-7, 8.997e-6
0.113, -1.998e-7, 8.995e-6
0.114, -1.841e-7, 8.994e-6
0.115, -2.022e-7, 8.992e-6
0.116, -1.833e-7, 8.990e-6
0.117, -2.033e-7, 8.988e-6
0.118, -1.833e-7, 8.986e-6
0.119, -1.985e-7, 8.984e-6
0.120, -1.839e-7, 8.982e-6
0.121, -2.012e-7, 8.980e-6
0.122, -1.820e-7, 8.978e-6
0.123, -2.014e-7, 8.976e-6
0.124, -1.830e-7, 8.974e-6
0.125, -1.997e-7, 8.972e-6
0.126, -1.821e-7, 8.970e-6
0.127, -2.011e-7, 8.968e-6
0.128, -1.821e-7, 8.967e-6
0.129, -1.991e-7, 8.965e-6
0.130, -1.838e-7, 8.963e-6
0.131, -2.001e-7, 8.961e-6
0.132, -1.817e-7, 8.959e-6
0.133, -2.019e-7, 8.957e-6
0.134, -1.830e-7, 8.955e-6
0.135, -1.998e-7, 8.953e-6
0.136, -1.844e-7, 8.951e-6
0.137, -1.983e-7, 8.949e-6
0.138, -1.830e-7, 8.948e-6
0.139, -1.992e-7, 8.946e-6
0.140, -1.826e-7, 8.944e-6
0.141, -1.973e-7, 8.942e-6
0.142, -1.826e-7, 8.940e-6
0.143, -2.001e-7, 8.938e-6
0.144, -1.831e-7, 8.936e-6
0.145, -1.979e-7, 8.934e-6
0.146, -1.839e-7, 8.932e-6
0.147, -1.986e-7, 8.930e-6
0.148, -1.812e-7, 8.928e-6
0.149, -2.024e-7, 8.926e-6
0.150, -1.817e-7, 8.925e-6
0.151, -1.983e-7, 8.923e-6
0.152, -1.828e-7, 8.921e-6
0.153, -1.970e-7, 8.919e-6
0.154, -1.825e-7, 8.917e-6
0.155, -1.988e-7, 8.915e-6
0.156, -1.830e-7, 8.913e-6
0.157, -1.970e-7, 8.911e-6
0.158, -1.823e-7, 8.909e-6
0.159, -1.986e-7, 8.907e-6
0.160, -1.827e-7, 8.906e-6
0.161, -1.968e-7, 8.904e-6
0.162, -1.847e-7, 8.902e-6
0.163, -1.971e-7, 8.900e-6
0.164, -1.817e-7, 8.898e-6
0.165, -2.018e-7, 8.896e-6
0.166, -1.826e-7, 8.894e-6
0.167, -1.964e-7, 8.892e-6
0.168, -1.840e-7, 8.890e-6
0.169, -1.974e-7, 8.888e-6
0.170, -1.829e-7, 8.887e-6
0.171, -1.986e-7, 8.885e-6
0.172, -1.831e-7, 8.883e-6
0.173, -1.977e-7, 8.881e-6
0.174, -1.827e-7, 8.879e-6
0.175, -1.999e-7, 8.877e-6
0.176, -1.809e-7, 8.875e-6
0.177, -1.969e-7, 8.873e-6
0.178, -1.842e-7, 8.871e-6
0.179, -1.990e-7, 8.869e-6
0.180, -1.819e-7, 8.867e-6
0.181, -1.988e-7, 8.865e-6
0.182, -1.833e-7, 8.864e-6
0.183, -1.984e-7, 8.862e-6
0.184, -1.845e-7, 8.860e-6
0.185, -1.969e-7, 8.858e-6
0.186, -1.836e-7, 8.856e-6
0.187, -1.971e-7, 8.854e-6
0.188, -1.833e-7, 8.852e-6
0.189, -1.972e-7, 8.850e-6
0.190, -1.830e-7, 8.848e-6
0.191, -1.997e-7, 8.846e-6
0.192, -1.831e-7, 8.845e-6
0.193, -1.977e-7, 8.843e-6
0.194, -1.835e-7, 8.841e-6
0.195, -1.976e-7, 8.839e-6
0.196, -1.826e-7, 8.837e-6
0.197, -1.991e-7, 8.835e-6
0.198, -1.837e-7, 8.833e-6
0.199, -1.971e-7, 8.831e-6
0.200, -1.835e-7, 8.829e-6
0.201, -1.982e-7, 8.827e-6
0.202, -1.831e-7, 8.826e-6
0.203, -1.978e-7, 8.824e-6
0.204, -1.837e-7, 8.822e-6
0.205, -1.919e-7, 8.820e-6
0.206, -1.823e-7, 8.818e-6
0.207, -1.978e-7, 8.816e-6
0.208, -1.832e-7, 8.814e-6
0.209, -1.965e-7, 8.812e-6
0.210, -1.843e-7, 8.810e-6
0.211, -1.975e-7, 8.808e-6
0.212, -1.836e-7, 8.807e-6
0.213, -2.002e-7, 8.805e-6
0.214, -1.838e-7, 8.803e-6
0.215, -1.963e-7, 8.801e-6
0.216, -1.853e-7, 8.799e-6
0.217, -1.970e-7, 8.797e-6
0.218, -1.842e-7, 8.795e-6
0.219, -1.986e-7, 8.793e-6
0.220, -1.840e-7, 8.791e-6
0.221, -1.966e-7, 8.789e-6
0.222, -1.847e-7, 8.787e-6
0.223, -1.986e-7, 8.785e-6
0.224, -1.843e-7, 8.784e-6
0.225, -1.971e-7, 8.782e-6
0.226, -1.856e-7, 8.780e-6
0.227, -1.980e-7, 8.778e-6
0.228, -1.847e-7, 8.776e-6
0.229, -2.007e-7, 8.774e-6
0.230, -1.847e-7, 8.772e-6
0.231, -1.981e-7, 8.770e-6
0.232, -1.857e-7, 8.768e-6
0.233, -1.990e-7, 8.766e-6
0.234, -1.851e-7, 8.764e-6
0.235, -1.989e-7, 8.762e-6
0.236, -1.860e-7, 8.761e-6
0.237, -1.979e-7, 8.759e-6
0.238, -1.849e-7, 8.757e-6
0.239, -2.011e-7, 8.755e-6
0.240, -1.846e-7, 8.753e-6
0.241, -1.991e-7, 8.751e-6
0.242, -1.869e-7, 8.749e-6
0.243, -1.978e-7, 8.747e-6
0.244, -1.854e-7, 8.745e-6
0.245, -2.006e-7, 8.743e-6
0.246, -1.856e-7, 8.741e-6
0.247, -1.992e-7, 8.739e-6
0.248, -1.858e-7, 8.737e-6
0.249, -2.005e-7, 8.735e-6
0.250, -1.861e-7, 8.734e-6
0.251, -2.003e-7, 8.732e-6
0.252, -1.869e-7, 8.730e-6
0.253, -2.003e-7, 8.728e-6
0.254, -1.864e-7, 8.726e-6
0.255, -2.004e-7, 8.724e-6
0.256, -1.870e-7, 8.722e-6
0.257, -2.016e-7, 8.720e-6
0.258, -1.879e-7, 8.718e-6
0.259, -2.017e-7, 8.716e-6
0.260, -1.859e-7, 8.714e-6
0.261, -2.048e-7, 8.712e-6
0.262, -1.871e-7, 8.710e-6
0.263, -2.006e-7, 8.708e-6
0.264, -1.874e-7, 8.706e-6
0.265, -2.028e-7, 8.704e-6
0.266, -1.871e-7, 8.703e-6
0.267, -2.022e-7, 8.700e-6
0.268, -1.881e-7, 8.699e-6
0.269, -2.022e-7, 8.697e-6
0.270, -1.874e-7, 8.695e-6
0.271, -2.050e-7, 8.693e-6
0.272, -1.876e-7, 8.691e-6
0.273, -2.036e-7, 8.689e-6
0.274, -1.897e-7, 8.687e-6
0.275, -2.046e-7, 8.685e-6
0.276, -1.879e-7, 8.683e-6
0.277, -2.063e-7, 8.681e-6
0.278, -1.880e-7, 8.679e-6
0.279, -2.054e-7, 8.677e-6
0.280, -1.899e-7, 8.675e-6
0.281, -2.055e-7, 8.673e-6
0.282, -1.893e-7, 8.671e-6
0.283, -2.061e-7, 8.669e-6
0.284, -1.907e-7, 8.667e-6
0.285, -2.056e-7, 8.665e-6
0.286, -1.889e-7, 8.663e-6
0.287, -2.076e-7, 8.661e-6
0.288, -1.910e-7, 8.659e-6
0.289, -2.061e-7, 8.657e-6
0.290, -1.918e-7, 8.655e-6
0.291, -2.071e-7, 8.653e-6
0.292, -1.902e-7, 8.651e-6
0.293, -2.085e-7, 8.649e-6
0.294, -1.910e-7, 8.647e-6
0.295, -2.071e-7, 8.645e-6
0.296, -1.907e-7, 8.643e-6
0.297, -2.084e-7, 8.641e-6
0.298, -1.913e-7, 8.639e-6
0.299, -2.069e-7, 8.637e-6
0.300, -1.921e-7, 8.635e-6
0.301, -2.088e-7, 8.633e-6
0.302, -1.916e-7, 8.631e-6
0.303, -2.098e-7, 8.629e-6
0.304, -1.923e-7, 8.627e-6
0.305, -2.089e-7, 8.625e-6
0.306, -1.933e-7, 8.623e-6
0.307, -2.100e-7, 8.621e-6
0.308, -1.949e-7, 8.619e-6
0.309, -2.118e-7, 8.617e-6
0.310, -1.932e-7, 8.615e-6
0.311, -2.101e-7, 8.613e-6
0.312, -1.961e-7, 8.611e-6
0.313, -2.114e-7, 8.609e-6
0.314, -1.955e-7, 8.607e-6
0.315, -2.125e-7, 8.605e-6
0.316, -1.962e-7, 8.603e-6
0.317, -2.124e-7, 8.601e-6
0.318, -1.973e-7, 8.599e-6
0.319, -2.148e-7, 8.597e-6
0.320, -1.986e-7, 8.595e-6
0.321, -2.140e-7, 8.593e-6
0.322, -2.020e-7, 8.591e-6
0.323, -2.149e-7, 8.588e-6
0.324, -1.990e-7, 8.586e-6
0.325, -2.159e-7, 8.584e-6
0.326, -2.008e-7, 8.582e-6
0.327, -2.158e-7, 8.580e-6
0.328, -2.027e-7, 8.578e-6
0.329, -2.135e-7, 8.576e-6
0.330, -2.015e-7, 8.574e-6
0.331, -2.194e-7, 8.572e-6
0.332, -2.041e-7, 8.570e-6
0.333, -2.189e-7, 8.567e-6
0.334, -2.049e-7, 8.565e-6
0.335, -2.224e-7, 8.563e-6
0.336, -2.056e-7, 8.561e-6
0.337, -2.220e-7, 8.559e-6
0.338, -2.089e-7, 8.557e-6
0.339, -2.233e-7, 8.555e-6
0.340, -2.086e-7, 8.553e-6
0.341, -2.256e-7, 8.550e-6
0.342, -2.101e-7, 8.548e-6
0.343, -2.264e-7, 8.546e-6
0.344, -2.122e-7, 8.544e-6
0.345, -2.264e-7, 8.541e-6
0.346, -2.122e-7, 8.539e-6
0.347, -2.284e-7, 8.537e-6
0.348, -2.130e-7, 8.535e-6
0.349, -2.292e-7, 8.533e-6
0.350, -2.148e-7, 8.531e-6
0.351, -2.320e-7, 8.528e-6
0.352, -2.161e-7, 8.526e-6
0.353, -2.316e-7, 8.524e-6
0.354, -2.193e-7, 8.522e-6
0.355, -2.329e-7, 8.519e-6
0.356, -2.182e-7, 8.517e-6
0.357, -2.354e-7, 8.515e-6
0.358, -2.194e-7, 8.512e-6
0.359, -2.353e-7, 8.510e-6
0.360, -2.241e-7, 8.508e-6
0.361, -2.367e-7, 8.506e-6
0.362, -2.231e-7, 8.503e-6
0.363, -2.386e-7, 8.501e-6
0.364, -2.266e-7, 8.499e-6
0.365, -2.384e-7, 8.496e-6
0.366, -2.259e-7, 8.494e-6
0.367, -2.402e-7, 8.492e-6
0.368, -2.296e-7, 8.489e-6
0.369, -2.414e-7, 8.487e-6
0.370, -2.323e-7, 8.485e-6
0.371, -2.429e-7, 8.482e-6
0.372, -2.327e-7, 8.480e-6
0.373, -2.479e-7, 8.477e-6
0.374, -2.342e-7, 8.475e-6
0.375, -2.471e-7, 8.472e-6
0.376, -2.360e-7, 8.470e-6
0.377, -2.510e-7, 8.468e-6
0.378, -2.373e-7, 8.465e-6
0.379, -2.528e-7, 8.463e-6
0.380, -2.400e-7, 8.460e-6
0.381, -2.541e-7, 8.458e-6
0.382, -2.397e-7, 8.455e-6
0.383, -2.588e-7, 8.453e-6
0.384, -2.421e-7, 8.450e-6
0.385, -2.602e-7, 8.448e-6
0.386, -2.460e-7, 8.445e-6
0.387, -2.619e-7, 8.443e-6
0.388, -2.467e-7, 8.440e-6
0.389, -2.687e-7, 8.438e-6
0.390, -2.510e-7, 8.435e-6
0.391, -2.672e-7, 8.432e-6
0.392, -2.526e-7, 8.430e-6
0.393, -2.718e-7, 8.427e-6
0.394, -2.557e-7, 8.425e-6
0.395, -2.741e-7, 8.422e-6
0.396, -2.587e-7, 8.419e-6
0.397, -2.756e-7, 8.416e-6
0.398, -2.616e-7, 8.414e-6
0.399, -2.814e-7, 8.411e-6
0.400, -2.639e-7, 8.408e-6
0.401, -2.820e-7, 8.406e-6
0.402, -2.697e-7, 8.403e-6
0.403, -2.837e-7, 8.400e-6
0.404, -2.705e-7, 8.397e-6
0.405, -2.888e-7, 8.394e-6
0.406, -2.737e-7, 8.392e-6
0.407, -2.914e-7, 8.389e-6
0.408, -2.794e-7, 8.386e-6
0.409, -2.938e-7, 8.383e-6
0.410, -2.647e-7, 8.380e-6
0.411, -2.949e-7, 8.377e-6
0.412, -2.863e-7, 8.375e-6
0.413, -3.001e-7, 8.372e-6
0.414, -2.880e-7, 8.369e-6
0.415, -3.073e-7, 8.366e-6
0.416, -2.905e-7, 8.363e-6
0.417, -3.096e-7, 8.360e-6
0.418, -2.969e-7, 8.357e-6
0.419, -3.155e-7, 8.354e-6
0.420, -2.961e-7, 8.351e-6
0.421, -3.219e-7, 8.347e-6
0.422, -3.025e-7, 8.344e-6
0.423, -3.248e-7, 8.341e-6
0.424, -3.095e-7, 8.338e-6
0.425, -3.281e-7, 8.335e-6
0.426, -3.152e-7, 8.332e-6
0.427, -3.326e-7, 8.328e-6
0.428, -3.194e-7, 8.325e-6
0.429, -3.378e-7, 8.322e-6
0.430, -3.249e-7, 8.318e-6
0.431, -3.439e-7, 8.315e-6
0.432, -3.285e-7, 8.312e-6
0.433, -3.459e-7, 8.308e-6
0.434, -3.384e-7, 8.305e-6
0.435, -3.521e-7, 8.301e-6
0.436, -3.406e-7, 8.298e-6
0.437, -3.650e-7, 8.294e-6
0.438, -3.463e-7, 8.291e-6
0.439, -3.652e-7, 8.287e-6
0.440, -3.486e-7, 8.284e-6
0.441, -3.736e-7, 8.280e-6
0.442, -3.625e-7, 8.276e-6
0.443, -3.770e-7, 8.273e-6
0.444, -3.678e-7, 8.269e-6
0.445, -3.856e-7, 8.265e-6
0.446, -3.727e-7, 8.261e-6
0.447, -3.952e-7, 8.257e-6
0.448, -3.823e-7, 8.254e-6
0.449, -4.000e-7, 8.250e-6
0.450, -3.934e-7, 8.246e-6
0.451, -4.126e-7, 8.241e-6
0.452, -3.981e-7, 8.237e-6
0.453, -4.246e-7, 8.233e-6
0.454, -4.082e-7, 8.229e-6
0.455, -4.300e-7, 8.225e-6
0.456, -4.224e-7, 8.221e-6
0.457, -4.420e-7, 8.216e-6
0.458, -4.328e-7, 8.212e-6
0.459, -4.551e-7, 8.207e-6
0.460, -4.452e-7, 8.203e-6
0.461, -4.687e-7, 8.198e-6
0.462, -4.589e-7, 8.194e-6
0.463, -4.831e-7, 8.189e-6
0.464, -4.716e-7, 8.184e-6
0.465, -4.922e-7, 8.179e-6
0.466, -4.914e-7, 8.174e-6
0.467, -5.095e-7, 8.169e-6
0.468, -5.031e-7, 8.164e-6
0.469, -5.285e-7, 8.159e-6
0.470, -5.211e-7, 8.154e-6
0.471, -5.439e-7, 8.148e-6
0.472, -5.407e-7, 8.143e-6
0.473, -5.640e-7, 8.137e-6
0.474, -5.618e-7, 8.131e-6
0.475, -5.828e-7, 8.126e-6
0.476, -5.777e-7, 8.120e-6
0.477, -6.018e-7, 8.114e-6
0.478, -5.990e-7, 8.108e-6
0.479, -6.288e-7, 8.102e-6
0.480, -6.337e-7, 8.095e-6
0.481, -6.421e-7, 8.089e-6
0.482, -6.430e-7, 8.082e-6
0.483, -6.710e-7, 8.076e-6
0.484, -6.705e-7, 8.069e-6
0.485, -7.042e-7, 8.062e-6
0.486, -6.952e-7, 8.055e-6
0.487, -7.228e-7, 8.048e-6
0.488, -7.342e-7, 8.040e-6
0.489, -7.591e-7, 8.033e-6
0.490, -7.610e-7, 8.025e-6
0.491, -7.889e-7, 8.017e-6
0.492, -7.940e-7, 8.009e-6
0.493, -8.191e-7, 8.001e-6
0.494, -8.257e-7, 7.993e-6
0.495, -8.611e-7, 7.984e-6
0.496, -8.663e-7, 7.976e-6
0.497, -8.924e-7, 7.967e-6
0.498, -9.062e-7, 7.958e-6
0.499, -9.311e-7, 7.948e-6
0.500, -9.341e-7, 7.939e-6
0.501, -9.660e-7, 7.929e-6
0.502, -9.739e-7, 7.920e-6
0.503, -9.961e-7, 7.910e-6
0.504, -1.011e-6, 7.900e-6
0.505, -1.036e-6, 7.889e-6
0.506, -1.047e-6, 7.879e-6
0.507, -1.072e-6, 7.868e-6
0.508, -1.088e-6, 7.857e-6
0.509, -1.105e-6, 7.846e-6
0.510, -1.120e-6, 7.835e-6
0.511, -1.145e-6, 7.823e-6
0.512, -1.163e-6, 7.812e-6
0.513, -1.185e-6, 7.800e-6
0.514, -1.202e-6, 7.788e-6
0.515, -1.217e-6, 7.776e-6
0.516, -1.225e-6, 7.764e-6
0.517, -1.254e-6, 7.751e-6
0.518, -1.263e-6, 7.738e-6
0.519, -1.282e-6, 7.726e-6
0.520, -1.295e-6, 7.713e-6
0.521, -1.312e-6, 7.699e-6
0.522, -1.321e-6, 7.686e-6
0.523, -1.339e-6, 7.673e-6
0.524, -1.356e-6, 7.659e-6
0.525, -1.370e-6, 7.646e-6
0.526, -1.378e-6, 7.632e-6
0.527, -1.400e-6, 7.618e-6
0.528, -1.404e-6, 7.604e-6
0.529, -1.414e-6, 7.590e-6
0.530, -1.433e-6, 7.575e-6
0.531, -1.441e-6, 7.561e-6
0.532, -1.452e-6, 7.546e-6
0.533, -1.464e-6, 7.532e-6
0.534, -1.477e-6, 7.517e-6
0.535, -1.483e-6, 7.502e-6
0.536, -1.494e-6, 7.487e-6
0.537, -1.503e-6, 7.472e-6
0.538, -1.511e-6, 7.457e-6
0.539, -1.521e-6, 7.442e-6
0.540, -1.530e-6, 7.427e-6
0.541, -1.535e-6, 7.411e-6
0.542, -1.541e-6, 7.396e-6
0.543, -1.551e-6, 7.380e-6
0.544, -1.555e-6, 7.365e-6
0.545, -1.562e-6, 7.349e-6
0.546, -1.578e-6, 7.333e-6
0.547, -1.575e-6, 7.318e-6
0.548, -1.579e-6, 7.302e-6
0.549, -1.589e-6, 7.286e-6
0.550, -1.589e-6, 7.270e-6
0.551, -1.593e-6, 7.254e-6
0.552, -1.604e-6, 7.238e-6
0.553, -1.607e-6, 7.222e-6
0.554, -1.611e-6, 7.206e-6
0.555, -1.612e-6, 7.190e-6
0.556, -1.623e-6, 7.174e-6
0.557, -1.623e-6, 7.157e-6
0.558, -1.625e-6, 7.141e-6
0.559, -1.632e-6, 7.125e-6
0.560, -1.634e-6, 7.108e-6
0.561, -1.638e-6, 7.092e-6
0.562, -1.647e-6, 7.076e-6
0.563, -1.645e-6, 7.059e-6
0.564, -1.651e-6, 7.043e-6
0.565, -1.658e-6, 7.026e-6
0.566, -1.655e-6, 7.009e-6
0.567, -1.658e-6, 6.993e-6
0.568, -1.665e-6, 6.976e-6
0.569, -1.664e-6, 6.960e-6
0.570, -1.668e-6, 6.943e-6
0.571, -1.670e-6, 6.926e-6
0.572, -1.679e-6, 6.909e-6
0.573, -1.675e-6, 6.893e-6
0.574, -1.679e-6, 6.876e-6
0.575, -1.686e-6, 6.859e-6
0.576, -1.687e-6, 6.842e-6
0.577, -1.685e-6, 6.825e-6
0.578, -1.698e-6, 6.808e-6
0.579, -1.691e-6, 6.791e-6
0.580, -1.692e-6, 6.774e-6
0.581, -1.703e-6, 6.757e-6
0.582, -1.703e-6, 6.740e-6
0.583, -1.700e-6, 6.723e-6
0.584, -1.704e-6, 6.706e-6
0.585, -1.708e-6, 6.689e-6
0.586, -1.712e-6, 6.672e-6
0.587, -1.710e-6, 6.655e-6
0.588, -1.717e-6, 6.638e-6
0.589, -1.715e-6, 6.621e-6
0.590, -1.717e-6, 6.604e-6
0.591, -1.720e-6, 6.586e-6
0.592, -1.722e-6, 6.569e-6
0.593, -1.718e-6, 6.552e-6
0.594, -1.730e-6, 6.535e-6
0.595, -1.723e-6, 6.517e-6
0.596, -1.725e-6, 6.500e-6
0.597, -1.731e-6, 6.483e-6
0.598, -1.733e-6, 6.466e-6
0.599, -1.729e-6, 6.448e-6
0.600, -1.737e-6, 6.431e-6
0.601, -1.736e-6, 6.414e-6
0.602, -1.733e-6, 6.396e-6
0.603, -1.736e-6, 6.379e-6
0.604, -1.740e-6, 6.361e-6
0.605, -1.738e-6, 6.344e-6
0.606, -1.739e-6, 6.327e-6
0.607, -1.745e-6, 6.309e-6
0.608, -1.741e-6, 6.292e-6
0.609, -1.738e-6, 6.274e-6
0.610, -1.746e-6, 6.257e-6
0.611, -1.741e-6, 6.240e-6
0.612, -1.742e-6, 6.222e-6
0.613, -1.745e-6, 6.205e-6
0.614, -1.744e-6, 6.187e-6
0.615, -1.728e-6, 6.170e-6
0.616, -1.739e-6, 6.153e-6
0.617, -1.738e-6, 6.135e-6
0.618, -1.742e-6, 6.118e-6
0.619, -1.740e-6, 6.100e-6
0.620, -1.750e-6, 6.083e-6
0.621, -1.742e-6, 6.065e-6
0.622, -1.741e-6, 6.048e-6
0.623, -1.744e-6, 6.031e-6
0.624, -1.745e-6, 6.013e-6
0.625, -1.740e-6, 5.996e-6
0.626, -1.749e-6, 5.978e-6
0.627, -1.743e-6, 5.961e-6
0.628, -1.742e-6, 5.943e-6
0.629, -1.750e-6, 5.926e-6
0.630, -1.749e-6, 5.908e-6
0.631, -1.742e-6, 5.891e-6
0.632, -1.746e-6, 5.874e-6
0.633, -1.745e-6, 5.856e-6
0.634, -1.743e-6, 5.839e-6
0.635, -1.744e-6, 5.821e-6
0.636, -1.750e-6, 5.804e-6
0.637, -1.742e-6, 5.786e-6
0.638, -1.746e-6, 5.769e-6
0.639, -1.748e-6, 5.751e-6
0.640, -1.747e-6, 5.734e-6
0.641, -1.742e-6, 5.716e-6
0.642, -1.749e-6, 5.699e-6
0.643, -1.742e-6, 5.682e-6
0.644, -1.745e-6, 5.664e-6
0.645, -1.748e-6, 5.647e-6
0.646, -1.747e-6, 5.629e-6
0.647, -1.744e-6, 5.612e-6
0.648, -1.748e-6, 5.594e-6
0.649, -1.747e-6, 5.577e-6
0.650, -1.742e-6, 5.559e-6
0.651, -1.746e-6, 5.542e-6
0.652, -1.750e-6, 5.524e-6
0.653, -1.743e-6, 5.507e-6
0.654, -1.743e-6, 5.490e-6
0.655, -1.746e-6, 5.472e-6
0.656, -1.745e-6, 5.455e-6
0.657, -1.742e-6, 5.437e-6
0.658, -1.748e-6, 5.420e-6
0.659, -1.744e-6, 5.402e-6
0.660, -1.743e-6, 5.385e-6
0.661, -1.744e-6, 5.367e-6
0.662, -1.745e-6, 5.350e-6
0.663, -1.740e-6, 5.333e-6
0.664, -1.746e-6, 5.315e-6
0.665, -1.743e-6, 5.298e-6
0.666, -1.746e-6, 5.280e-6
0.667, -1.742e-6, 5.263e-6
0.668, -1.745e-6, 5.245e-6
0.669, -1.740e-6, 5.228e-6
0.670, -1.739e-6, 5.211e-6
0.671, -1.743e-6, 5.193e-6
0.672, -1.740e-6, 5.176e-6
0.673, -1.736e-6, 5.158e-6
0.674, -1.742e-6, 5.141e-6
0.675, -1.738e-6, 5.124e-6
0.676, -1.736e-6, 5.106e-6
0.677, -1.740e-6, 5.089e-6
0.678, -1.738e-6, 5.071e-6
0.679, -1.736e-6, 5.054e-6
0.680, -1.735e-6, 5.037e-6
0.681, -1.734e-6, 5.019e-6
0.682, -1.736e-6, 5.002e-6
0.683, -1.733e-6, 4.985e-6
0.684, -1.736e-6, 4.967e-6
0.685, -1.731e-6, 4.950e-6
0.686, -1.729e-6, 4.933e-6
0.687, -1.733e-6, 4.915e-6
0.688, -1.730e-6, 4.898e-6
0.689, -1.726e-6, 4.881e-6
0.690, -1.734e-6, 4.864e-6
0.691, -1.728e-6, 4.846e-6
0.692, -1.727e-6, 4.829e-6
0.693, -1.728e-6, 4.812e-6
0.694, -1.730e-6, 4.794e-6
0.695, -1.726e-6, 4.777e-6
0.696, -1.730e-6, 4.760e-6
0.697, -1.724e-6, 4.743e-6
0.698, -1.725e-6, 4.725e-6
0.699, -1.722e-6, 4.708e-6
0.700, -1.726e-6, 4.691e-6
0.701, -1.720e-6, 4.674e-6
0.702, -1.720e-6, 4.656e-6
0.703, -1.723e-6, 4.639e-6
0.704, -1.721e-6, 4.622e-6
0.705, -1.718e-6, 4.605e-6
0.706, -1.725e-6, 4.588e-6
0.707, -1.716e-6, 4.570e-6
0.708, -1.716e-6, 4.553e-6
0.709, -1.719e-6, 4.536e-6
0.710, -1.716e-6, 4.519e-6
0.711, -1.713e-6, 4.502e-6
0.712, -1.717e-6, 4.485e-6
0.713, -1.713e-6, 4.467e-6
0.714, -1.710e-6, 4.450e-6
0.715, -1.708e-6, 4.433e-6
0.716, -1.715e-6, 4.416e-6
0.717, -1.719e-6, 4.399e-6
0.718, -1.713e-6, 4.382e-6
0.719, -1.714e-6, 4.365e-6
0.720, -1.709e-6, 4.348e-6
0.721, -1.705e-6, 4.331e-6
0.722, -1.712e-6, 4.313e-6
0.723, -1.705e-6, 4.296e-6
0.724, -1.706e-6, 4.279e-6
0.725, -1.706e-6, 4.262e-6
0.726, -1.703e-6, 4.245e-6
0.727, -1.699e-6, 4.228e-6
0.728, -1.701e-6, 4.211e-6
0.729, -1.701e-6, 4.194e-6
0.730, -1.694e-6, 4.177e-6
0.731, -1.692e-6, 4.160e-6
0.732, -1.697e-6, 4.143e-6
0.733, -1.689e-6, 4.126e-6
0.734, -1.690e-6, 4.110e-6
0.735, -1.691e-6, 4.093e-6
0.736, -1.687e-6, 4.076e-6
0.737, -1.685e-6, 4.059e-6
0.738, -1.690e-6, 4.042e-6
0.739, -1.681e-6, 4.025e-6
0.740, -1.679e-6, 4.008e-6
0.741, -1.683e-6, 3.992e-6
0.742, -1.676e-6, 3.975e-6
0.743, -1.673e-6, 3.958e-6
0.744, -1.676e-6, 3.941e-6
0.745, -1.671e-6, 3.925e-6
0.746, -1.670e-6, 3.908e-6
0.747, -1.669e-6, 3.891e-6
0.748, -1.671e-6, 3.875e-6
0.749, -1.666e-6, 3.858e-6
0.750, -1.665e-6, 3.841e-6
0.751, -1.664e-6, 3.825e-6
0.752, -1.662e-6, 3.808e-6
0.753, -1.659e-6, 3.791e-6
0.754, -1.664e-6, 3.775e-6
0.755, -1.657e-6, 3.758e-6
0.756, -1.653e-6, 3.742e-6
0.757, -1.658e-6, 3.725e-6
0.758, -1.652e-6, 3.709e-6
0.759, -1.650e-6, 3.692e-6
0.760, -1.651e-6, 3.676e-6
0.761, -1.649e-6, 3.659e-6
0.762, -1.647e-6, 3.643e-6
0.763, -1.646e-6, 3.626e-6
0.764, -1.646e-6, 3.610e-6
0.765, -1.645e-6, 3.593e-6
0.766, -1.639e-6, 3.577e-6
0.767, -1.644e-6, 3.560e-6
0.768, -1.643e-6, 3.544e-6
0.769, -1.640e-6, 3.528e-6
0.770, -1.641e-6, 3.511e-6
0.771, -1.635e-6, 3.495e-6
0.772, -1.634e-6, 3.478e-6
0.773, -1.639e-6, 3.462e-6
0.774, -1.635e-6, 3.446e-6
0.775, -1.631e-6, 3.429e-6
0.776, -1.635e-6, 3.413e-6
0.777, -1.630e-6, 3.397e-6
0.778, -1.628e-6, 3.380e-6
0.779, -1.628e-6, 3.364e-6
0.780, -1.628e-6, 3.348e-6
0.781, -1.624e-6, 3.332e-6
0.782, -1.621e-6, 3.315e-6
0.783, -1.630e-6, 3.299e-6
0.784, -1.625e-6, 3.283e-6
0.785, -1.619e-6, 3.267e-6
0.786, -1.626e-6, 3.250e-6
0.787, -1.621e-6, 3.234e-6
0.788, -1.620e-6, 3.218e-6
0.789, -1.621e-6, 3.202e-6
0.790, -1.620e-6, 3.186e-6
0.791, -1.617e-6, 3.169e-6
0.792, -1.620e-6, 3.153e-6
0.793, -1.620e-6, 3.137e-6
0.794, -1.618e-6, 3.121e-6
0.795, -1.617e-6, 3.105e-6
0.796, -1.620e-6, 3.089e-6
0.797, -1.615e-6, 3.072e-6
0.798, -1.615e-6, 3.056e-6
0.799, -1.618e-6, 3.040e-6
0.800, -1.617e-6, 3.024e-6
0.801, -1.614e-6, 3.008e-6
0.802, -1.621e-6, 2.992e-6
0.803, -1.615e-6, 2.975e-6
0.804, -1.617e-6, 2.959e-6
0.805, -1.618e-6, 2.943e-6
0.806, -1.618e-6, 2.927e-6
0.807, -1.616e-6, 2.911e-6
0.808, -1.619e-6, 2.894e-6
0.809, -1.616e-6, 2.878e-6
0.810, -1.617e-6, 2.862e-6
0.811, -1.617e-6, 2.846e-6
0.812, -1.619e-6, 2.830e-6
0.813, -1.618e-6, 2.814e-6
0.814, -1.614e-6, 2.797e-6
0.815, -1.622e-6, 2.781e-6
0.816, -1.620e-6, 2.765e-6
0.817, -1.617e-6, 2.749e-6
0.818, -1.623e-6, 2.733e-6
0.819, -1.613e-6, 2.717e-6
0.820, -1.606e-6, 2.700e-6
0.821, -1.618e-6, 2.684e-6
0.822, -1.619e-6, 2.668e-6
0.823, -1.618e-6, 2.652e-6
0.824, -1.622e-6, 2.636e-6
0.825, -1.620e-6, 2.619e-6
0.826, -1.619e-6, 2.603e-6
0.827, -1.621e-6, 2.587e-6
0.828, -1.627e-6, 2.571e-6
0.829, -1.625e-6, 2.555e-6
0.830, -1.627e-6, 2.538e-6
0.831, -1.631e-6, 2.522e-6
0.832, -1.627e-6, 2.506e-6
0.833, -1.630e-6, 2.489e-6
0.834, -1.636e-6, 2.473e-6
0.835, -1.629e-6, 2.457e-6
0.836, -1.629e-6, 2.440e-6
0.837, -1.638e-6, 2.424e-6
0.838, -1.636e-6, 2.408e-6
0.839, -1.638e-6, 2.391e-6
0.840, -1.642e-6, 2.375e-6
0.841, -1.641e-6, 2.359e-6
0.842, -1.641e-6, 2.342e-6
0.843, -1.642e-6, 2.326e-6
0.844, -1.643e-6, 2.309e-6
0.845, -1.644e-6, 2.293e-6
0.846, -1.645e-6, 2.276e-6
0.847, -1.650e-6, 2.260e-6
0.848, -1.647e-6, 2.243e-6
0.849, -1.648e-6, 2.227e-6
0.850, -1.653e-6, 2.210e-6
0.851, -1.652e-6, 2.194e-6
0.852, -1.651e-6, 2.177e-6
0.853, -1.658e-6, 2.161e-6
0.854, -1.656e-6, 2.144e-6
0.855, -1.658e-6, 2.128e-6
0.856, -1.659e-6, 2.111e-6
0.857, -1.660e-6, 2.094e-6
0.858, -1.660e-6, 2.078e-6
0.859, -1.663e-6, 2.061e-6
0.860, -1.663e-6, 2.045e-6
0.861, -1.666e-6, 2.028e-6
0.862, -1.667e-6, 2.011e-6
0.863, -1.669e-6, 1.995e-6
0.864, -1.667e-6, 1.978e-6
0.865, -1.669e-6, 1.961e-6
0.866, -1.676e-6, 1.944e-6
0.867, -1.676e-6, 1.928e-6
0.868, -1.674e-6, 1.911e-6
0.869, -1.680e-6, 1.894e-6
0.870, -1.679e-6, 1.877e-6
0.871, -1.682e-6, 1.861e-6
0.872, -1.687e-6, 1.844e-6
0.873, -1.686e-6, 1.827e-6
0.874, -1.686e-6, 1.810e-6
0.875, -1.688e-6, 1.793e-6
0.876, -1.691e-6, 1.776e-6
0.877, -1.691e-6, 1.759e-6
0.878, -1.692e-6, 1.742e-6
0.879, -1.696e-6, 1.725e-6
0.880, -1.693e-6, 1.708e-6
0.881, -1.696e-6, 1.691e-6
0.882, -1.699e-6, 1.674e-6
0.883, -1.700e-6, 1.657e-6
0.884, -1.701e-6, 1.640e-6
0.885, -1.705e-6, 1.623e-6
0.886, -1.704e-6, 1.606e-6
0.887, -1.705e-6, 1.589e-6
0.888, -1.708e-6, 1.572e-6
0.889, -1.710e-6, 1.555e-6
0.890, -1.709e-6, 1.538e-6
0.891, -1.711e-6, 1.521e-6
0.892, -1.713e-6, 1.504e-6
0.893, -1.713e-6, 1.487e-6
0.894, -1.716e-6, 1.470e-6
0.895, -1.718e-6, 1.452e-6
0.896, -1.717e-6, 1.435e-6
0.897, -1.718e-6, 1.418e-6
0.898, -1.724e-6, 1.401e-6
0.899, -1.723e-6, 1.384e-6
0.900, -1.723e-6, 1.366e-6
0.901, -1.730e-6, 1.349e-6
0.902, -1.729e-6, 1.332e-6
0.903, -1.730e-6, 1.314e-6
0.904, -1.731e-6, 1.297e-6
0.905, -1.732e-6, 1.280e-6
0.906, -1.733e-6, 1.262e-6
0.907, -1.735e-6, 1.245e-6
0.908, -1.738e-6, 1.228e-6
0.909, -1.739e-6, 1.210e-6
0.910, -1.738e-6, 1.193e-6
0.911, -1.744e-6, 1.176e-6
0.912, -1.741e-6, 1.158e-6
0.913, -1.742e-6, 1.141e-6
0.914, -1.746e-6, 1.123e-6
0.915, -1.746e-6, 1.106e-6
0.916, -1.745e-6, 1.088e-6
0.917, -1.752e-6, 1.071e-6
0.918, -1.750e-6, 1.053e-6
0.919, -1.752e-6, 1.036e-6
0.920, -1.752e-6, 1.018e-6
0.921, -1.754e-6, 1.001e-6
0.922, -1.763e-6, 9.831e-7
0.923, -1.760e-6, 9.655e-7
0.924, -1.761e-6, 9.479e-7
0.925, -1.759e-6, 9.303e-7
0.926, -1.760e-6, 9.127e-7
0.927, -1.764e-6, 8.950e-7
0.928, -1.763e-6, 8.774e-7
0.929, -1.764e-6, 8.598e-7
0.930, -1.769e-6, 8.421e-7
0.931, -1.768e-6, 8.244e-7
0.932, -1.768e-6, 8.067e-7
0.933, -1.774e-6, 7.890e-7
0.934, -1.772e-6, 7.713e-7
0.935, -1.772e-6, 7.535e-7
0.936, -1.777e-6, 7.358e-7
0.937, -1.776e-6, 7.180e-7
0.938, -1.777e-6, 7.002e-7
0.939, -1.779e-6, 6.825e-7
0.940, -1.782e-6, 6.646e-7
0.941, -1.780e-6, 6.468e-7
0.942, -1.782e-6, 6.290e-7
0.943, -1.785e-6, 6.112e-7
0.944, -1.786e-6, 5.933e-7
0.945, -1.785e-6, 5.755e-7
0.946, -1.789e-6, 5.576e-7
0.947, -1.788e-6, 5.397e-7
0.948, -1.787e-6, 5.218e-7
0.949, -1.794e-6, 5.039e-7
0.950, -1.790e-6, 4.860e-7
0.951, -1.792e-6, 4.681e-7
0.952, -1.794e-6, 4.501e-7
0.953, -1.795e-6, 4.322e-7
0.954, -1.793e-6, 4.142e-7
0.955, -1.796e-6, 3.963e-7
0.956, -1.796e-6, 3.783e-7
0.957, -1.799e-6, 3.603e-7
0.958, -1.798e-6, 3.424e-7
0.959, -1.802e-6, 3.243e-7
0.960, -1.801e-6, 3.063e-7
0.961, -1.802e-6, 2.883e-7
0.962, -1.804e-6, 2.703e-7
0.963, -1.804e-6, 2.522e-7
0.964, -1.804e-6, 2.342e-7
0.965, -1.808e-6, 2.161e-7
0.966, -1.806e-6, 1.980e-7
0.967, -1.808e-6, 1.800e-7
0.968, -1.809e-6, 1.619e-7
0.969, -1.809e-6, 1.438e-7
0.970, -1.810e-6, 1.257e-7
0.971, -1.810e-6, 1.076e-7
0.972, -1.812e-6, 8.947e-8
0.973, -1.812e-6, 7.135e-8
0.974, -1.814e-6, 5.322e-8
0.975, -1.816e-6, 3.506e-8
0.976, -1.814e-6, 1.692e-8
0.977, -1.815e-6, -1.233e-9
0.978, -1.818e-6, -1.941e-8
0.979, -1.818e-6, -3.760e-8
0.980, -1.817e-6, -5.577e-8
0.981, -1.823e-6, -7.400e-8
0.982, -1.820e-6, -9.220e-8
0.983, -1.821e-6, -1.104e-7
0.984, -1.823e-6, -1.286e-7
0.985, -1.824e-6, -1.469e-7
0.986, -1.823e-6, -1.651e-7
0.987, -1.825e-6, -1.834e-7
0.988, -1.826e-6, -2.016e-7
0.989, -1.826e-6, -2.199e-7
0.990, -1.827e-6, -2.382e-7
0.991, -1.829e-6, -2.564e-7
0.992, -1.828e-6, -2.747e-7
0.993, -1.828e-6, -2.930e-7
0.994, -1.831e-6, -3.113e-7
0.995, -1.831e-6, -3.296e-7
0.996, -1.830e-6, -3.479e-7
0.997, -1.835e-6, -3.663e-7
0.998, -1.832e-6, -3.846e-7
0.999, -1.832e-6, -4.029e-7
1.000, -1.834e-6, -4.213e-7
1.001, -1.835e-6, -4.396e-7
1.002, -1.835e-6, -4.580e-7
1.003, -1.838e-6, -4.763e-7
1.004, -1.835e-6, -4.947e-7
1.005, -1.837e-6, -5.131e-7
1.006, -1.836e-6, -5.314e-7
1.007, -1.840e-6, -5.498e-7
1.008, -1.837e-6, -5.682e-7
1.009, -1.839e-6, -5.866e-7
1.010, -1.841e-6, -6.050e-7
1.011, -1.841e-6, -6.234e-7
1.012, -1.839e-6, -6.418e-7
1.013, -1.844e-6, -6.603e-7
1.014, -1.840e-6, -6.787e-7
1.015, -1.842e-6, -6.971e-7
1.016, -1.843e-6, -7.155e-7
1.017, -1.846e-6, -7.340e-7
1.018, -1.843e-6, -7.524e-7
1.019, -1.846e-6, -7.709e-7
1.020, -1.846e-6, -7.893e-7
1.021, -1.846e-6, -8.078e-7
1.022, -1.843e-6, -8.262e-7
1.023, -1.849e-6, -8.447e-7
1.024, -1.841e-6, -8.631e-7
1.025, -1.845e-6, -8.816e-7
1.026, -1.848e-6, -9.000e-7
1.027, -1.848e-6, -9.185e-7
1.028, -1.846e-6, -9.370e-7
1.029, -1.851e-6, -9.555e-7
1.030, -1.848e-6, -9.740e-7
1.031, -1.851e-6, -9.925e-7
1.032, -1.851e-6, -1.011e-6
1.033, -1.851e-6, -1.030e-6
1.034, -1.849e-6, -1.048e-6
1.035, -1.852e-6, -1.067e-6
1.036, -1.853e-6, -1.085e-6
1.037, -1.853e-6, -1.104e-6
1.038, -1.853e-6, -1.122e-6
1.039, -1.854e-6, -1.141e-6
1.040, -1.854e-6, -1.159e-6
1.041, -1.853e-6, -1.178e-6
1.042, -1.856e-6, -1.196e-6
1.043, -1.857e-6, -1.215e-6
1.044, -1.855e-6, -1.233e-6
1.045, -1.860e-6, -1.252e-6
1.046, -1.857e-6, -1.271e-6
1.047, -1.860e-6, -1.289e-6
1.048, -1.860e-6, -1.308e-6
1.049, -1.861e-6, -1.326e-6
1.050, -1.859e-6, -1.345e-6
1.051, -1.860e-6, -1.364e-6
1.052, -1.861e-6, -1.382e-6
1.053, -1.861e-6, -1.401e-6
1.054, -1.863e-6, -1.419e-6
1.055, -1.866e-6, -1.438e-6
1.056, -1.864e-6, -1.457e-6
1.057, -1.864e-6, -1.475e-6
1.058, -1.866e-6, -1.494e-6
1.059, -1.866e-6, -1.513e-6
1.060, -1.865e-6, -1.531e-6
1.061, -1.871e-6, -1.550e-6
1.062, -1.867e-6, -1.569e-6
1.063, -1.869e-6, -1.587e-6
1.064, -1.872e-6, -1.606e-6
1.065, -1.872e-6, -1.625e-6
1.066, -1.870e-6, -1.644e-6
1.067, -1.873e-6, -1.662e-6
1.068, -1.873e-6, -1.681e-6
1.069, -1.875e-6, -1.700e-6
1.070, -1.874e-6, -1.718e-6
1.071, -1.878e-6, -1.737e-6
1.072, -1.876e-6, -1.756e-6
1.073, -1.876e-6, -1.775e-6
1.074, -1.881e-6, -1.794e-6
1.075, -1.881e-6, -1.812e-6
1.076, -1.880e-6, -1.831e-6
1.077, -1.885e-6, -1.850e-6
1.078, -1.884e-6, -1.869e-6
1.079, -1.885e-6, -1.888e-6
1.080, -1.885e-6, -1.907e-6
1.081, -1.886e-6, -1.925e-6
1.082, -1.886e-6, -1.944e-6
1.083, -1.888e-6, -1.963e-6
1.084, -1.889e-6, -1.982e-6
1.085, -1.891e-6, -2.001e-6
1.086, -1.890e-6, -2.020e-6
1.087, -1.893e-6, -2.039e-6
1.088, -1.892e-6, -2.058e-6
1.089, -1.894e-6, -2.077e-6
1.090, -1.896e-6, -2.096e-6
1.091, -1.897e-6, -2.115e-6
1.092, -1.896e-6, -2.134e-6
1.093, -1.899e-6, -2.153e-6
1.094, -1.900e-6, -2.172e-6
1.095, -1.902e-6, -2.191e-6
1.096, -1.902e-6, -2.210e-6
1.097, -1.903e-6, -2.229e-6
1.098, -1.905e-6, -2.248e-6
1.099, -1.906e-6, -2.267e-6
1.100, -1.907e-6, -2.286e-6
1.101, -1.910e-6, -2.305e-6
1.102, -1.911e-6, -2.324e-6
1.103, -1.916e-6, -2.343e-6
1.104, -1.914e-6, -2.362e-6
1.105, -1.915e-6, -2.381e-6
1.106, -1.920e-6, -2.401e-6
1.107, -1.919e-6, -2.420e-6
1.108, -1.920e-6, -2.439e-6
1.109, -1.925e-6, -2.458e-6
1.110, -1.925e-6, -2.478e-6
1.111, -1.927e-6, -2.497e-6
1.112, -1.929e-6, -2.516e-6
1.113, -1.932e-6, -2.535e-6
1.114, -1.932e-6, -2.555e-6
1.115, -1.935e-6, -2.574e-6
1.116, -1.937e-6, -2.593e-6
1.117, -1.940e-6, -2.613e-6
1.118, -1.938e-6, -2.632e-6
1.119, -1.944e-6, -2.652e-6
1.120, -1.943e-6, -2.671e-6
1.121, -1.946e-6, -2.691e-6
1.122, -1.949e-6, -2.710e-6
1.123, -1.950e-6, -2.730e-6
1.124, -1.952e-6, -2.749e-6
1.125, -1.957e-6, -2.769e-6
1.126, -1.956e-6, -2.788e-6
1.127, -1.966e-6, -2.808e-6
1.128, -1.966e-6, -2.828e-6
1.129, -1.968e-6, -2.847e-6
1.130, -1.969e-6, -2.867e-6
1.131, -1.974e-6, -2.887e-6
1.132, -1.977e-6, -2.906e-6
1.133, -1.979e-6, -2.926e-6
1.134, -1.981e-6, -2.946e-6
1.135, -1.987e-6, -2.966e-6
1.136, -1.987e-6, -2.986e-6
1.137, -1.991e-6, -3.006e-6
1.138, -1.995e-6, -3.026e-6
1.139, -1.997e-6, -3.046e-6
1.140, -1.999e-6, -3.066e-6
1.141, -2.006e-6, -3.086e-6
1.142, -2.005e-6, -3.106e-6
1.143, -2.010e-6, -3.126e-6
1.144, -2.014e-6, -3.146e-6
1.145, -2.016e-6, -3.166e-6
1.146, -2.019e-6, -3.186e-6
1.147, -2.025e-6, -3.207e-6
1.148, -2.030e-6, -3.227e-6
1.149, -2.033e-6, -3.247e-6
1.150, -2.034e-6, -3.268e-6
1.151, -2.042e-6, -3.288e-6
1.152, -2.041e-6, -3.308e-6
1.153, -2.047e-6, -3.329e-6
1.154, -2.052e-6, -3.349e-6
1.155, -2.056e-6, -3.370e-6
1.156, -2.060e-6, -3.390e-6
1.157, -2.066e-6, -3.411e-6
1.158, -2.069e-6, -3.432e-6
1.159, -2.075e-6, -3.453e-6
1.160, -2.080e-6, -3.473e-6
1.161, -2.085e-6, -3.494e-6
1.162, -2.088e-6, -3.515e-6
1.163, -2.094e-6, -3.536e-6
1.164, -2.098e-6, -3.557e-6
1.165, -2.103e-6, -3.578e-6
1.166, -2.107e-6, -3.599e-6
1.167, -2.116e-6, -3.620e-6
1.168, -2.119e-6, -3.641e-6
1.169, -2.125e-6, -3.663e-6
1.170, -2.133e-6, -3.684e-6
1.171, -2.137e-6, -3.705e-6
1.172, -2.140e-6, -3.727e-6
1.173, -2.149e-6, -3.748e-6
1.174, -2.152e-6, -3.770e-6
1.175, -2.159e-6, -3.791e-6
1.176, -2.166e-6, -3.813e-6
1.177, -2.173e-6, -3.835e-6
1.178, -2.180e-6, -3.857e-6
1.179, -2.187e-6, -3.879e-6
1.180, -2.191e-6, -3.900e-6
1.181, -2.199e-6, -3.922e-6
1.182, -2.206e-6, -3.944e-6
1.183, -2.215e-6, -3.967e-6
1.184, -2.218e-6, -3.989e-6
1.185, -2.228e-6, -4.011e-6
1.186, -2.236e-6, -4.033e-6
1.187, -2.243e-6, -4.056e-6
1.188, -2.249e-6, -4.078e-6
1.189, -2.260e-6, -4.101e-6
1.190, -2.266e-6, -4.124e-6
1.191, -2.276e-6, -4.146e-6
1.192, -2.285e-6, -4.169e-6
1.193, -2.292e-6, -4.192e-6
1.194, -2.298e-6, -4.215e-6
1.195, -2.309e-6, -4.238e-6
1.196, -2.318e-6, -4.261e-6
1.197, -2.328e-6, -4.285e-6
1.198, -2.336e-6, -4.308e-6
1.199, -2.347e-6, -4.332e-6
1.200, -2.356e-6, -4.355e-6
1.201, -2.364e-6, -4.379e-6
1.202, -2.379e-6, -4.403e-6
1.203, -2.386e-6, -4.426e-6
1.204, -2.393e-6, -4.450e-6
1.205, -2.414e-6, -4.474e-6
1.206, -2.427e-6, -4.499e-6
1.207, -2.435e-6, -4.523e-6
1.208, -2.447e-6, -4.548e-6
1.209, -2.461e-6, -4.572e-6
1.210, -2.473e-6, -4.597e-6
1.211, -2.484e-6, -4.622e-6
1.212, -2.495e-6, -4.647e-6
1.213, -2.506e-6, -4.672e-6
1.214, -2.517e-6, -4.697e-6
1.215, -2.532e-6, -4.722e-6
1.216, -2.542e-6, -4.748e-6
1.217, -2.556e-6, -4.773e-6
1.218, -2.574e-6, -4.799e-6
1.219, -2.583e-6, -4.825e-6
1.220, -2.598e-6, -4.851e-6
1.221, -2.615e-6, -4.877e-6
1.222, -2.627e-6, -4.903e-6
1.223, -2.638e-6, -4.930e-6
1.224, -2.658e-6, -4.956e-6
1.225, -2.674e-6, -4.983e-6
1.226, -2.685e-6, -5.010e-6
1.227, -2.702e-6, -5.037e-6
1.228, -2.720e-6, -5.064e-6
1.229, -2.725e-6, -5.091e-6
1.230, -2.747e-6, -5.119e-6
1.231, -2.766e-6, -5.146e-6
1.232, -2.780e-6, -5.174e-6
1.233, -2.797e-6, -5.202e-6
1.234, -2.822e-6, -5.230e-6
1.235, -2.835e-6, -5.259e-6
1.236, -2.855e-6, -5.287e-6
1.237, -2.877e-6, -5.316e-6
1.238, -2.896e-6, -5.345e-6
1.239, -2.914e-6, -5.374e-6
1.240, -2.934e-6, -5.403e-6
1.241, -2.955e-6, -5.433e-6
1.242, -2.974e-6, -5.463e-6
1.243, -2.997e-6, -5.493e-6
1.244, -3.020e-6, -5.523e-6
1.245, -3.039e-6, -5.553e-6
1.246, -3.065e-6, -5.584e-6
1.247, -3.088e-6, -5.615e-6
1.248, -3.112e-6, -5.646e-6
1.249, -3.131e-6, -5.677e-6
1.250, -3.163e-6, -5.709e-6
1.251, -3.186e-6, -5.741e-6
1.252, -3.218e-6, -5.773e-6
1.253, -3.248e-6, -5.805e-6
1.254, -3.273e-6, -5.838e-6
1.255, -3.297e-6, -5.871e-6
1.256, -3.328e-6, -5.904e-6
1.257, -3.353e-6, -5.938e-6
1.258, -3.384e-6, -5.972e-6
1.259, -3.411e-6, -6.006e-6
1.260, -3.443e-6, -6.040e-6
1.261, -3.469e-6, -6.075e-6
1.262, -3.503e-6, -6.110e-6
1.263, -3.533e-6, -6.145e-6
1.264, -3.562e-6, -6.181e-6
1.265, -3.595e-6, -6.217e-6
1.266, -3.633e-6, -6.253e-6
1.267, -3.663e-6, -6.290e-6
1.268, -3.700e-6, -6.327e-6
1.269, -3.734e-6, -6.364e-6
1.270, -3.770e-6, -6.402e-6
1.271, -3.802e-6, -6.440e-6
1.272, -3.843e-6, -6.478e-6
1.273, -3.877e-6, -6.517e-6
1.274, -3.917e-6, -6.556e-6
1.275, -3.955e-6, -6.596e-6
1.276, -3.999e-6, -6.636e-6
1.277, -4.039e-6, -6.676e-6
1.278, -4.081e-6, -6.717e-6
1.279, -4.123e-6, -6.758e-6
1.280, -4.167e-6, -6.800e-6
1.281, -4.205e-6, -6.842e-6
1.282, -4.257e-6, -6.885e-6
1.283, -4.294e-6, -6.927e-6
1.284, -4.341e-6, -6.971e-6
1.285, -4.387e-6, -7.015e-6
1.286, -4.436e-6, -7.059e-6
1.287, -4.481e-6, -7.104e-6
1.288, -4.536e-6, -7.149e-6
1.289, -4.583e-6, -7.195e-6
1.290, -4.634e-6, -7.241e-6
1.291, -4.682e-6, -7.288e-6
1.292, -4.739e-6, -7.336e-6
1.293, -4.795e-6, -7.384e-6
1.294, -4.855e-6, -7.432e-6
1.295, -4.908e-6, -7.481e-6
1.296, -4.968e-6, -7.531e-6
1.297, -5.021e-6, -7.581e-6
1.298, -5.087e-6, -7.632e-6
1.299, -5.139e-6, -7.683e-6
1.300, -5.159e-6, -7.735e-6