-0.309, 5.429e-6, 1.543e-4
-0.308, 4.609e-6, 1.543e-4
-0.307, 4.166e-6, 1.544e-4
-0.306, 4.070e-6, 1.544e-4
-0.305, 3.832e-6, 1.545e-4
-0.304, 3.818e-6, 1.545e-4
-0.303, 3.641e-6, 1.545e-4
-0.302, 3.615e-6, 1.546e-4
-0.301, 3.465e-6, 1.546e-4
-0.300, 3.491e-6, 1.546e-4
-0.299, 3.334e-6, 1.547e-4
-0.298, 3.374e-6, 1.547e-4
-0.297, 3.252e-6, 1.547e-4
-0.296, 3.270e-6, 1.548e-4
-0.295, 3.152e-6, 1.548e-4
-0.294, 3.203e-6, 1.548e-4
-0.293, 3.092e-6, 1.549e-4
-0.292, 3.103e-6, 1.549e-4
-0.291, 3.015e-6, 1.549e-4
-0.290, 3.057e-6, 1.550e-4
-0.289, 2.952e-6, 1.550e-4
-0.288, 2.972e-6, 1.550e-4
-0.287, 2.907e-6, 1.551e-4
-0.286, 2.913e-6, 1.551e-4
-0.285, 2.841e-6, 1.551e-4
-0.284, 2.881e-6, 1.551e-4
-0.283, 2.784e-6, 1.552e-4
-0.282, 2.846e-6, 1.552e-4
-0.281, 2.760e-6, 1.552e-4
-0.280, 2.803e-6, 1.553e-4
-0.279, 2.703e-6, 1.553e-4
-0.278, 2.754e-6, 1.553e-4
-0.277, 2.684e-6, 1.553e-4
-0.276, 2.694e-6, 1.554e-4
-0.275, 2.621e-6, 1.554e-4
-0.274, 2.668e-6, 1.554e-4
-0.273, 2.577e-6, 1.554e-4
-0.272, 2.645e-6, 1.555e-4
-0.271, 2.569e-6, 1.555e-4
-0.270, 2.581e-6, 1.555e-4
-0.269, 2.538e-6, 1.555e-4
-0.268, 2.562e-6, 1.556e-4
-0.267, 2.487e-6, 1.556e-4
-0.266, 2.499e-6, 1.556e-4
-0.265, 2.467e-6, 1.556e-4
-0.264, 2.482e-6, 1.557e-4
-0.263, 2.414e-6, 1.557e-4
-0.262, 2.459e-6, 1.557e-4
-0.261, 2.384e-6, 1.557e-4
-0.260, 2.396e-6, 1.558e-4
-0.259, 2.352e-6, 1.558e-4
-0.258, 2.393e-6, 1.558e-4
-0.257, 2.298e-6, 1.558e-4
-0.256, 2.361e-6, 1.559e-4
-0.255, 2.293e-6, 1.559e-4
-0.254, 2.289e-6, 1.559e-4
-0.253, 2.260e-6, 1.559e-4
-0.252, 2.293e-6, 1.560e-4
-0.251, 2.226e-6, 1.560e-4
-0.250, 2.246e-6, 1.560e-4
-0.249, 2.218e-6, 1.560e-4
-0.248, 2.230e-6, 1.560e-4
-0.247, 2.177e-6, 1.561e-4
-0.246, 2.224e-6, 1.561e-4
-0.245, 2.185e-6, 1.561e-4
-0.244, 2.187e-6, 1.561e-4
-0.243, 2.170e-6, 1.561e-4
-0.242, 2.207e-6, 1.562e-4
-0.241, 2.142e-6, 1.562e-4
-0.240, 2.174e-6, 1.562e-4
-0.239, 2.153e-6, 1.562e-4
-0.238, 2.157e-6, 1.563e-4
-0.237, 2.133e-6, 1.563e-4
-0.236, 2.172e-6, 1.563e-4
-0.235, 2.145e-6, 1.563e-4
-0.234, 2.171e-6, 1.563e-4
-0.233, 2.155e-6, 1.564e-4
-0.232, 2.169e-6, 1.564e-4
-0.231, 2.145e-6, 1.564e-4
-0.230, 2.186e-6, 1.564e-4
-0.229, 2.145e-6, 1.565e-4
-0.228, 2.181e-6, 1.565e-4
-0.227, 2.168e-6, 1.565e-4
-0.226, 2.214e-6, 1.565e-4
-0.225, 2.150e-6, 1.565e-4
-0.224, 2.220e-6, 1.566e-4
-0.223, 2.189e-6, 1.566e-4
-0.222, 2.211e-6, 1.566e-4
-0.221, 2.191e-6, 1.566e-4
-0.220, 2.213e-6, 1.566e-4
-0.219, 2.201e-6, 1.567e-4
-0.218, 2.226e-6, 1.567e-4
-0.217, 2.226e-6, 1.567e-4
-0.216, 2.237e-6, 1.567e-4
-0.215, 2.211e-6, 1.568e-4
-0.214, 2.253e-6, 1.568e-4
-0.213, 2.227e-6, 1.568e-4
-0.212, 2.254e-6, 1.568e-4
-0.211, 2.222e-6, 1.569e-4
-0.210, 2.281e-6, 1.569e-4
-0.209, 2.223e-6, 1.569e-4
-0.208, 2.279e-6, 1.569e-4
-0.207, 2.267e-6, 1.569e-4
-0.206, 2.279e-6, 1.570e-4
-0.205, 2.274e-6, 1.570e-4
-0.204, 2.365e-6, 1.570e-4
-0.203, 2.276e-6, 1.570e-4
-0.202, 2.316e-6, 1.571e-4
-0.201, 2.295e-6, 1.571e-4
-0.200, 2.335e-6, 1.571e-4
-0.199, 2.306e-6, 1.571e-4
-0.198, 2.362e-6, 1.571e-4
-0.197, 2.357e-6, 1.572e-4
-0.196, 2.360e-6, 1.572e-4
-0.195, 2.374e-6, 1.572e-4
-0.194, 2.408e-6, 1.572e-4
-0.193, 2.376e-6, 1.573e-4
-0.192, 2.437e-6, 1.573e-4
-0.191, 2.423e-6, 1.573e-4
-0.190, 2.451e-6, 1.573e-4
-0.189, 2.437e-6, 1.574e-4
-0.188, 2.509e-6, 1.574e-4
-0.187, 2.457e-6, 1.574e-4
-0.186, 2.527e-6, 1.574e-4
-0.185, 2.493e-6, 1.575e-4
-0.184, 2.545e-6, 1.575e-4
-0.183, 2.507e-6, 1.575e-4
-0.182, 2.581e-6, 1.575e-4
-0.181, 2.533e-6, 1.576e-4
-0.180, 2.582e-6, 1.576e-4
-0.179, 2.560e-6, 1.576e-4
-0.178, 2.624e-6, 1.576e-4
-0.177, 2.567e-6, 1.577e-4
-0.176, 2.638e-6, 1.577e-4
-0.175, 2.608e-6, 1.577e-4
-0.174, 2.632e-6, 1.577e-4
-0.173, 2.611e-6, 1.578e-4
-0.172, 2.643e-6, 1.578e-4
-0.171, 2.614e-6, 1.578e-4
-0.170, 2.674e-6, 1.579e-4
-0.169, 2.638e-6, 1.579e-4
-0.168, 2.662e-6, 1.579e-4
-0.167, 2.628e-6, 1.579e-4
-0.166, 2.689e-6, 1.580e-4
-0.165, 2.642e-6, 1.580e-4
-0.164, 2.683e-6, 1.580e-4
-0.163, 2.635e-6, 1.580e-4
-0.162, 2.696e-6, 1.581e-4
-0.161, 2.632e-6, 1.581e-4
-0.160, 2.695e-6, 1.581e-4
-0.159, 2.649e-6, 1.581e-4
-0.158, 2.669e-6, 1.582e-4
-0.157, 2.641e-6, 1.582e-4
-0.156, 2.686e-6, 1.582e-4
-0.155, 2.624e-6, 1.583e-4
-0.154, 2.673e-6, 1.583e-4
-0.153, 2.616e-6, 1.583e-4
-0.152, 2.661e-6, 1.583e-4
-0.151, 2.614e-6, 1.584e-4
-0.150, 2.665e-6, 1.584e-4
-0.149, 2.608e-6, 1.584e-4
-0.148, 2.635e-6, 1.584e-4
-0.147, 2.601e-6, 1.585e-4
-0.146, 2.635e-6, 1.585e-4
-0.145, 2.578e-6, 1.585e-4
-0.144, 2.608e-6, 1.585e-4
-0.143, 2.573e-6, 1.586e-4
-0.142, 2.594e-6, 1.586e-4
-0.141, 2.553e-6, 1.586e-4
-0.140, 2.589e-6, 1.586e-4
-0.139, 2.532e-6, 1.587e-4
-0.138, 2.577e-6, 1.587e-4
-0.137, 2.538e-6, 1.587e-4
-0.136, 2.556e-6, 1.587e-4
-0.135, 2.507e-6, 1.588e-4
-0.134, 2.554e-6, 1.588e-4
-0.133, 2.509e-6, 1.588e-4
-0.132, 2.525e-6, 1.588e-4
-0.131, 2.491e-6, 1.589e-4
-0.130, 2.537e-6, 1.589e-4
-0.129, 2.487e-6, 1.589e-4
-0.128, 2.522e-6, 1.589e-4
-0.127, 2.498e-6, 1.590e-4
-0.126, 2.494e-6, 1.590e-4
-0.125, 2.493e-6, 1.590e-4
-0.124, 2.515e-6, 1.590e-4
-0.123, 2.471e-6, 1.591e-4
-0.122, 2.503e-6, 1.591e-4
-0.121, 2.484e-6, 1.591e-4
-0.120, 2.488e-6, 1.591e-4
-0.119, 2.470e-6, 1.592e-4
-0.118, 2.503e-6, 1.592e-4
-0.117, 2.481e-6, 1.592e-4
-0.116, 2.489e-6, 1.592e-4
-0.115, 2.465e-6, 1.593e-4
-0.114, 2.494e-6, 1.593e-4
-0.113, 2.453e-6, 1.593e-4
-0.112, 2.489e-6, 1.593e-4
-0.111, 2.461e-6, 1.594e-4
-0.110, 2.462e-6, 1.594e-4
-0.109, 2.434e-6, 1.594e-4
-0.108, 2.472e-6, 1.594e-4
-0.107, 2.421e-6, 1.595e-4
-0.106, 2.439e-6, 1.595e-4
-0.105, 2.411e-6, 1.595e-4
-0.104, 2.421e-6, 1.595e-4
-0.103, 2.395e-6, 1.596e-4
-0.102, 2.372e-6, 1.596e-4
-0.101, 2.378e-6, 1.596e-4
-0.100, 2.362e-6, 1.596e-4
-0.099, 2.378e-6, 1.597e-4
-0.098, 2.364e-6, 1.597e-4
-0.097, 2.339e-6, 1.597e-4
-0.096, 2.318e-6, 1.597e-4
-0.095, 2.320e-6, 1.598e-4
-0.094, 2.279e-6, 1.598e-4
-0.093, 2.289e-6, 1.598e-4
-0.092, 2.274e-6, 1.598e-4
-0.091, 2.256e-6, 1.598e-4
-0.090, 2.246e-6, 1.599e-4
-0.089, 2.241e-6, 1.599e-4
-0.088, 2.226e-6, 1.599e-4
-0.087, 2.201e-6, 1.599e-4
-0.086, 2.196e-6, 1.600e-4
-0.085, 2.183e-6, 1.600e-4
-0.084, 2.157e-6, 1.600e-4
-0.083, 2.169e-6, 1.600e-4
-0.082, 2.143e-6, 1.600e-4
-0.081, 2.141e-6, 1.601e-4
-0.080, 2.133e-6, 1.601e-4
-0.079, 2.146e-6, 1.601e-4
-0.078, 2.102e-6, 1.601e-4
-0.077, 2.135e-6, 1.601e-4
-0.076, 2.111e-6, 1.602e-4
-0.075, 2.130e-6, 1.602e-4
-0.074, 2.097e-6, 1.602e-4
-0.073, 2.152e-6, 1.602e-4
-0.072, 2.118e-6, 1.603e-4
-0.071, 2.150e-6, 1.603e-4
-0.070, 2.163e-6, 1.603e-4
-0.069, 2.180e-6, 1.603e-4
-0.068, 2.172e-6, 1.603e-4
-0.067, 2.223e-6, 1.604e-4
-0.066, 2.245e-6, 1.604e-4
-0.065, 2.246e-6, 1.604e-4
-0.064, 2.274e-6, 1.604e-4
-0.063, 2.310e-6, 1.605e-4
-0.062, 2.324e-6, 1.605e-4
-0.061, 2.372e-6, 1.605e-4
-0.060, 2.410e-6, 1.605e-4
-0.059, 2.426e-6, 1.605e-4
-0.058, 2.467e-6, 1.606e-4
-0.057, 2.501e-6, 1.606e-4
-0.056, 2.530e-6, 1.606e-4
-0.055, 2.555e-6, 1.607e-4
-0.054, 2.618e-6, 1.607e-4
-0.053, 2.651e-6, 1.607e-4
-0.052, 2.668e-6, 1.607e-4
-0.051, 2.712e-6, 1.608e-4
-0.050, 2.753e-6, 1.608e-4
-0.049, 2.765e-6, 1.608e-4
-0.048, 2.820e-6, 1.608e-4
-0.047, 2.844e-6, 1.609e-4
-0.046, 2.887e-6, 1.609e-4
-0.045, 2.906e-6, 1.609e-4
-0.044, 2.970e-6, 1.610e-4
-0.043, 2.960e-6, 1.610e-4
-0.042, 3.034e-6, 1.610e-4
-0.041, 3.035e-6, 1.610e-4
-0.040, 3.089e-6, 1.611e-4
-0.039, 3.089e-6, 1.611e-4
-0.038, 3.142e-6, 1.611e-4
-0.037, 3.139e-6, 1.612e-4
-0.036, 3.194e-6, 1.612e-4
-0.035, 3.185e-6, 1.612e-4
-0.034, 3.245e-6, 1.613e-4
-0.033, 3.215e-6, 1.613e-4
-0.032, 3.283e-6, 1.613e-4
-0.031, 3.266e-6, 1.614e-4
-0.030, 3.317e-6, 1.614e-4
-0.029, 3.298e-6, 1.614e-4
-0.028, 3.354e-6, 1.615e-4
-0.027, 3.325e-6, 1.615e-4
-0.026, 3.381e-6, 1.615e-4
-0.025, 3.363e-6, 1.616e-4
-0.024, 3.402e-6, 1.616e-4
-0.023, 3.386e-6, 1.616e-4
-0.022, 3.435e-6, 1.617e-4
-0.021, 3.407e-6, 1.617e-4
-0.020, 3.452e-6, 1.617e-4
-0.019, 3.430e-6, 1.618e-4
-0.018, 3.480e-6, 1.618e-4
-0.017, 3.447e-6, 1.618e-4
-0.016, 3.499e-6, 1.619e-4
-0.015, 3.472e-6, 1.619e-4
-0.014, 3.509e-6, 1.619e-4
-0.013, 3.484e-6, 1.620e-4
-0.012, 3.526e-6, 1.620e-4
-0.011, 3.494e-6, 1.620e-4
-0.010, 3.546e-6, 1.621e-4
-0.009, 3.513e-6, 1.621e-4
-0.008, 3.551e-6, 1.622e-4
-0.007, 3.526e-6, 1.622e-4
-0.006, 3.567e-6, 1.622e-4
-0.005, 3.536e-6, 1.623e-4
-0.004, 3.575e-6, 1.623e-4
-0.003, 3.553e-6, 1.623e-4
-0.002, 3.587e-6, 1.624e-4
-0.001, 3.557e-6, 1.624e-4
0.000, 3.607e-6, 1.624e-4
0.001, 3.575e-6, 1.625e-4
0.002, 3.603e-6, 1.625e-4
0.003, 3.573e-6, 1.625e-4
0.004, 3.615e-6, 1.626e-4
0.005, 3.580e-6, 1.626e-4
0.006, 3.624e-6, 1.627e-4
0.007, 3.594e-6, 1.627e-4
0.008, 3.628e-6, 1.627e-4
0.009, 3.599e-6, 1.628e-4
0.010, 3.632e-6, 1.628e-4
0.011, 3.605e-6, 1.628e-4
0.012, 3.640e-6, 1.629e-4
0.013, 3.614e-6, 1.629e-4
0.014, 3.650e-6, 1.629e-4
0.015, 3.618e-6, 1.630e-4
0.016, 3.654e-6, 1.630e-4
0.017, 3.627e-6, 1.631e-4
0.018, 3.655e-6, 1.631e-4
0.019, 3.631e-6, 1.631e-4
0.020, 3.659e-6, 1.632e-4
0.021, 3.633e-6, 1.632e-4
0.022, 3.662e-6, 1.632e-4
0.023, 3.643e-6, 1.633e-4
0.024, 3.663e-6, 1.633e-4
0.025, 3.644e-6, 1.633e-4
0.026, 3.672e-6, 1.634e-4
0.027, 3.647e-6, 1.634e-4
0.028, 3.671e-6, 1.635e-4
0.029, 3.652e-6, 1.635e-4
0.030, 3.679e-6, 1.635e-4
0.031, 3.652e-6, 1.636e-4
0.032, 3.680e-6, 1.636e-4
0.033, 3.656e-6, 1.636e-4
0.034, 3.680e-6, 1.637e-4
0.035, 3.657e-6, 1.637e-4
0.036, 3.684e-6, 1.638e-4
0.037, 3.657e-6, 1.638e-4
0.038, 3.684e-6, 1.638e-4
0.039, 3.661e-6, 1.639e-4
0.040, 3.685e-6, 1.639e-4
0.041, 3.665e-6, 1.639e-4
0.042, 3.687e-6, 1.640e-4
0.043, 3.667e-6, 1.640e-4
0.044, 3.686e-6, 1.640e-4
0.045, 3.669e-6, 1.641e-4
0.046, 3.688e-6, 1.641e-4
0.047, 3.669e-6, 1.642e-4
0.048, 3.689e-6, 1.642e-4
0.049, 3.669e-6, 1.642e-4
0.050, 3.688e-6, 1.643e-4
0.051, 3.669e-6, 1.643e-4
0.052, 3.690e-6, 1.643e-4
0.053, 3.666e-6, 1.644e-4
0.054, 3.692e-6, 1.644e-4
0.055, 3.671e-6, 1.644e-4
0.056, 3.689e-6, 1.645e-4
0.057, 3.670e-6, 1.645e-4
0.058, 3.690e-6, 1.646e-4
0.059, 3.669e-6, 1.646e-4
0.060, 3.688e-6, 1.646e-4
0.061, 3.670e-6, 1.647e-4
0.062, 3.689e-6, 1.647e-4
0.063, 3.667e-6, 1.647e-4
0.064, 3.689e-6, 1.648e-4
0.065, 3.668e-6, 1.648e-4
0.066, 3.686e-6, 1.649e-4
0.067, 3.667e-6, 1.649e-4
0.068, 3.684e-6, 1.649e-4
0.069, 3.664e-6, 1.650e-4
0.070, 3.682e-6, 1.650e-4
0.071, 3.667e-6, 1.650e-4
0.072, 3.681e-6, 1.651e-4
0.073, 3.664e-6, 1.651e-4
0.074, 3.682e-6, 1.651e-4
0.075, 3.663e-6, 1.652e-4
0.076, 3.680e-6, 1.652e-4
0.077, 3.661e-6, 1.653e-4
0.078, 3.680e-6, 1.653e-4
0.079, 3.658e-6, 1.653e-4
0.080, 3.678e-6, 1.654e-4
0.081, 3.660e-6, 1.654e-4
0.082, 3.673e-6, 1.654e-4
0.083, 3.656e-6, 1.655e-4
0.084, 3.674e-6, 1.655e-4
0.085, 3.652e-6, 1.656e-4
0.086, 3.672e-6, 1.656e-4
0.087, 3.652e-6, 1.656e-4
0.088, 3.669e-6, 1.657e-4
0.089, 3.650e-6, 1.657e-4
0.090, 3.668e-6, 1.657e-4
0.091, 3.650e-6, 1.658e-4
0.092, 3.665e-6, 1.658e-4
0.093, 3.649e-6, 1.658e-4
0.094, 3.664e-6, 1.659e-4
0.095, 3.646e-6, 1.659e-4
0.096, 3.661e-6, 1.660e-4
0.097, 3.645e-6, 1.660e-4
0.098, 3.658e-6, 1.660e-4
0.099, 3.643e-6, 1.661e-4
0.100, 3.658e-6, 1.661e-4
0.101, 3.639e-6, 1.661e-4
0.102, 3.658e-6, 1.662e-4
0.103, 3.635e-6, 1.662e-4
0.104, 3.652e-6, 1.662e-4
0.105, 3.637e-6, 1.663e-4
0.106, 3.652e-6, 1.663e-4
0.107, 3.633e-6, 1.664e-4
0.108, 3.649e-6, 1.664e-4
0.109, 3.632e-6, 1.664e-4
0.110, 3.647e-6, 1.665e-4
0.111, 3.628e-6, 1.665e-4
0.112, 3.646e-6, 1.665e-4
0.113, 3.627e-6, 1.666e-4
0.114, 3.641e-6, 1.666e-4
0.115, 3.626e-6, 1.666e-4
0.116, 3.639e-6, 1.667e-4
0.117, 3.622e-6, 1.667e-4
0.118, 3.638e-6, 1.668e-4
0.119, 3.622e-6, 1.668e-4
0.120, 3.634e-6, 1.668e-4
0.121, 3.619e-6, 1.669e-4
0.122, 3.634e-6, 1.669e-4
0.123, 3.615e-6, 1.669e-4
0.124, 3.631e-6, 1.670e-4
0.125, 3.615e-6, 1.670e-4
0.126, 3.630e-6, 1.670e-4
0.127, 3.608e-6, 1.671e-4
0.128, 3.625e-6, 1.671e-4
0.129, 3.607e-6, 1.672e-4
0.130, 3.622e-6, 1.672e-4
0.131, 3.604e-6, 1.672e-4
0.132, 3.622e-6, 1.673e-4
0.133, 3.600e-6, 1.673e-4
0.134, 3.620e-6, 1.673e-4
0.135, 3.598e-6, 1.674e-4
0.136, 3.616e-6, 1.674e-4
0.137, 3.596e-6, 1.674e-4
0.138, 3.615e-6, 1.675e-4
0.139, 3.594e-6, 1.675e-4
0.140, 3.609e-6, 1.675e-4
0.141, 3.594e-6, 1.676e-4
0.142, 3.606e-6, 1.676e-4
0.143, 3.589e-6, 1.677e-4
0.144, 3.603e-6, 1.677e-4
0.145, 3.588e-6, 1.677e-4
0.146, 3.600e-6, 1.678e-4
0.147, 3.583e-6, 1.678e-4
0.148, 3.599e-6, 1.678e-4
0.149, 3.578e-6, 1.679e-4
0.150, 3.596e-6, 1.679e-4
0.151, 3.578e-6, 1.679e-4
0.152, 3.592e-6, 1.680e-4
0.153, 3.576e-6, 1.680e-4
0.154, 3.590e-6, 1.681e-4
0.155, 3.572e-6, 1.681e-4
0.156, 3.587e-6, 1.681e-4
0.157, 3.571e-6, 1.682e-4
0.158, 3.585e-6, 1.682e-4
0.159, 3.569e-6, 1.682e-4
0.160, 3.581e-6, 1.683e-4
0.161, 3.566e-6, 1.683e-4
0.162, 3.577e-6, 1.683e-4
0.163, 3.566e-6, 1.684e-4
0.164, 3.576e-6, 1.684e-4
0.165, 3.560e-6, 1.684e-4
0.166, 3.572e-6, 1.685e-4
0.167, 3.560e-6, 1.685e-4
0.168, 3.568e-6, 1.686e-4
0.169, 3.554e-6, 1.686e-4
0.170, 3.568e-6, 1.686e-4
0.171, 3.551e-6, 1.687e-4
0.172, 3.564e-6, 1.687e-4
0.173, 3.551e-6, 1.687e-4
0.174, 3.564e-6, 1.688e-4
0.175, 3.546e-6, 1.688e-4
0.176, 3.561e-6, 1.688e-4
0.177, 3.546e-6, 1.689e-4
0.178, 3.554e-6, 1.689e-4
0.179, 3.542e-6, 1.689e-4
0.180, 3.553e-6, 1.690e-4
0.181, 3.536e-6, 1.690e-4
0.182, 3.550e-6, 1.691e-4
0.183, 3.536e-6, 1.691e-4
0.184, 3.546e-6, 1.691e-4
0.185, 3.531e-6, 1.692e-4
0.186, 3.544e-6, 1.692e-4
0.187, 3.529e-6, 1.692e-4
0.188, 3.541e-6, 1.693e-4
0.189, 3.527e-6, 1.693e-4
0.190, 3.538e-6, 1.693e-4
0.191, 3.523e-6, 1.694e-4
0.192, 3.535e-6, 1.694e-4
0.193, 3.520e-6, 1.694e-4
0.194, 3.529e-6, 1.695e-4
0.195, 3.517e-6, 1.695e-4
0.196, 3.528e-6, 1.695e-4
0.197, 3.510e-6, 1.696e-4
0.198, 3.525e-6, 1.696e-4
0.199, 3.509e-6, 1.696e-4
0.200, 3.521e-6, 1.697e-4
0.201, 3.506e-6, 1.697e-4
0.202, 3.518e-6, 1.698e-4
0.203, 3.502e-6, 1.698e-4
0.204, 3.514e-6, 1.698e-4
0.205, 3.503e-6, 1.699e-4
0.206, 3.512e-6, 1.699e-4
0.207, 3.495e-6, 1.699e-4
0.208, 3.508e-6, 1.700e-4
0.209, 3.492e-6, 1.700e-4
0.210, 3.501e-6, 1.700e-4
0.211, 3.489e-6, 1.701e-4
0.212, 3.499e-6, 1.701e-4
0.213, 3.483e-6, 1.701e-4
0.214, 3.494e-6, 1.702e-4
0.215, 3.481e-6, 1.702e-4
0.216, 3.491e-6, 1.702e-4
0.217, 3.477e-6, 1.703e-4
0.218, 3.486e-6, 1.703e-4
0.219, 3.473e-6, 1.703e-4
0.220, 3.484e-6, 1.704e-4
0.221, 3.472e-6, 1.704e-4
0.222, 3.479e-6, 1.705e-4
0.223, 3.464e-6, 1.705e-4
0.224, 3.475e-6, 1.705e-4
0.225, 3.462e-6, 1.706e-4
0.226, 3.471e-6, 1.706e-4
0.227, 3.457e-6, 1.706e-4
0.228, 3.468e-6, 1.707e-4
0.229, 3.452e-6, 1.707e-4
0.230, 3.465e-6, 1.707e-4
0.231, 3.450e-6, 1.708e-4
0.232, 3.456e-6, 1.708e-4
0.233, 3.446e-6, 1.708e-4
0.234, 3.456e-6, 1.709e-4
0.235, 3.442e-6, 1.709e-4
0.236, 3.448e-6, 1.709e-4
0.237, 3.437e-6, 1.710e-4
0.238, 3.446e-6, 1.710e-4
0.239, 3.433e-6, 1.710e-4
0.240, 3.442e-6, 1.711e-4
0.241, 3.427e-6, 1.711e-4
0.242, 3.436e-6, 1.711e-4
0.243, 3.424e-6, 1.712e-4
0.244, 3.433e-6, 1.712e-4
0.245, 3.416e-6, 1.712e-4
0.246, 3.427e-6, 1.713e-4
0.247, 3.415e-6, 1.713e-4
0.248, 3.423e-6, 1.713e-4
0.249, 3.409e-6, 1.714e-4
0.250, 3.419e-6, 1.714e-4
0.251, 3.403e-6, 1.715e-4
0.252, 3.413e-6, 1.715e-4
0.253, 3.400e-6, 1.715e-4
0.254, 3.408e-6, 1.716e-4
0.255, 3.392e-6, 1.716e-4
0.256, 3.402e-6, 1.716e-4
0.257, 3.388e-6, 1.717e-4
0.258, 3.396e-6, 1.717e-4
0.259, 3.384e-6, 1.717e-4
0.260, 3.393e-6, 1.718e-4
0.261, 3.379e-6, 1.718e-4
0.262, 3.387e-6, 1.718e-4
0.263, 3.375e-6, 1.719e-4
0.264, 3.380e-6, 1.719e-4
0.265, 3.372e-6, 1.719e-4
0.266, 3.378e-6, 1.720e-4
0.267, 3.363e-6, 1.720e-4
0.268, 3.370e-6, 1.720e-4
0.269, 3.355e-6, 1.721e-4
0.270, 3.364e-6, 1.721e-4
0.271, 3.350e-6, 1.721e-4
0.272, 3.358e-6, 1.722e-4
0.273, 3.347e-6, 1.722e-4
0.274, 3.352e-6, 1.722e-4
0.275, 3.340e-6, 1.723e-4
0.276, 3.348e-6, 1.723e-4
0.277, 3.331e-6, 1.723e-4
0.278, 3.343e-6, 1.724e-4
0.279, 3.330e-6, 1.724e-4
0.280, 3.336e-6, 1.724e-4
0.281, 3.325e-6, 1.725e-4
0.282, 3.330e-6, 1.725e-4
0.283, 3.319e-6, 1.725e-4
0.284, 3.324e-6, 1.726e-4
0.285, 3.313e-6, 1.726e-4
0.286, 3.318e-6, 1.726e-4
0.287, 3.304e-6, 1.727e-4
0.288, 3.309e-6, 1.727e-4
0.289, 3.298e-6, 1.727e-4
0.290, 3.301e-6, 1.728e-4
0.291, 3.288e-6, 1.728e-4
0.292, 3.294e-6, 1.728e-4
0.293, 3.279e-6, 1.729e-4
0.294, 3.287e-6, 1.729e-4
0.295, 3.276e-6, 1.729e-4
0.296, 3.279e-6, 1.730e-4
0.297, 3.267e-6, 1.730e-4
0.298, 3.275e-6, 1.730e-4
0.299, 3.258e-6, 1.731e-4
0.300, 3.266e-6, 1.731e-4
0.301, 3.253e-6, 1.731e-4
0.302, 3.260e-6, 1.732e-4
0.303, 3.246e-6, 1.732e-4
0.304, 3.252e-6, 1.732e-4
0.305, 3.238e-6, 1.733e-4
0.306, 3.242e-6, 1.733e-4
0.307, 3.231e-6, 1.733e-4
0.308, 3.234e-6, 1.733e-4
0.309, 3.221e-6, 1.734e-4
0.310, 3.227e-6, 1.734e-4
0.311, 3.213e-6, 1.734e-4
0.312, 3.217e-6, 1.735e-4
0.313, 3.204e-6, 1.735e-4
0.314, 3.210e-6, 1.735e-4
0.315, 3.194e-6, 1.736e-4
0.316, 3.200e-6, 1.736e-4
0.317, 3.185e-6, 1.736e-4
0.318, 3.189e-6, 1.737e-4
0.319, 3.177e-6, 1.737e-4
0.320, 3.181e-6, 1.737e-4
0.321, 3.169e-6, 1.738e-4
0.322, 3.171e-6, 1.738e-4
0.323, 3.160e-6, 1.738e-4
0.324, 3.163e-6, 1.739e-4
0.325, 3.150e-6, 1.739e-4
0.326, 3.156e-6, 1.739e-4
0.327, 3.143e-6, 1.740e-4
0.328, 3.145e-6, 1.740e-4
0.329, 3.132e-6, 1.740e-4
0.330, 3.135e-6, 1.740e-4
0.331, 3.123e-6, 1.741e-4
0.332, 3.124e-6, 1.741e-4
0.333, 3.113e-6, 1.741e-4
0.334, 3.113e-6, 1.742e-4
0.335, 3.099e-6, 1.742e-4
0.336, 3.103e-6, 1.742e-4
0.337, 3.089e-6, 1.743e-4
0.338, 3.089e-6, 1.743e-4
0.339, 3.078e-6, 1.743e-4
0.340, 3.082e-6, 1.744e-4
0.341, 3.065e-6, 1.744e-4
0.342, 3.068e-6, 1.744e-4
0.343, 3.055e-6, 1.744e-4
0.344, 3.058e-6, 1.745e-4
0.345, 3.039e-6, 1.745e-4
0.346, 3.044e-6, 1.745e-4
0.347, 3.019e-6, 1.746e-4
0.348, 3.021e-6, 1.746e-4
0.349, 3.007e-6, 1.746e-4
0.350, 3.009e-6, 1.747e-4
0.351, 2.991e-6, 1.747e-4
0.352, 2.995e-6, 1.747e-4
0.353, 2.982e-6, 1.748e-4
0.354, 2.982e-6, 1.748e-4
0.355, 2.970e-6, 1.748e-4
0.356, 2.968e-6, 1.748e-4
0.357, 2.955e-6, 1.749e-4
0.358, 2.956e-6, 1.749e-4
0.359, 2.942e-6, 1.749e-4
0.360, 2.941e-6, 1.750e-4
0.361, 2.928e-6, 1.750e-4
0.362, 2.929e-6, 1.750e-4
0.363, 2.912e-6, 1.750e-4
0.364, 2.913e-6, 1.751e-4
0.365, 2.899e-6, 1.751e-4
0.366, 2.899e-6, 1.751e-4
0.367, 2.883e-6, 1.752e-4
0.368, 2.885e-6, 1.752e-4
0.369, 2.869e-6, 1.752e-4
0.370, 2.867e-6, 1.752e-4
0.371, 2.853e-6, 1.753e-4
0.372, 2.856e-6, 1.753e-4
0.373, 2.836e-6, 1.753e-4
0.374, 2.838e-6, 1.754e-4
0.375, 2.822e-6, 1.754e-4
0.376, 2.819e-6, 1.754e-4
0.377, 2.803e-6, 1.754e-4
0.378, 2.801e-6, 1.755e-4
0.379, 2.788e-6, 1.755e-4
0.380, 2.786e-6, 1.755e-4
0.381, 2.771e-6, 1.756e-4
0.382, 2.770e-6, 1.756e-4
0.383, 2.753e-6, 1.756e-4
0.384, 2.752e-6, 1.756e-4
0.385, 2.736e-6, 1.757e-4
0.386, 2.731e-6, 1.757e-4
0.387, 2.716e-6, 1.757e-4
0.388, 2.715e-6, 1.757e-4
0.389, 2.696e-6, 1.758e-4
0.390, 2.694e-6, 1.758e-4
0.391, 2.678e-6, 1.758e-4
0.392, 2.674e-6, 1.759e-4
0.393, 2.659e-6, 1.759e-4
0.394, 2.657e-6, 1.759e-4
0.395, 2.637e-6, 1.759e-4
0.396, 2.636e-6, 1.760e-4
0.397, 2.618e-6, 1.760e-4
0.398, 2.616e-6, 1.760e-4
0.399, 2.595e-6, 1.760e-4
0.400, 2.594e-6, 1.761e-4
0.401, 2.578e-6, 1.761e-4
0.402, 2.569e-6, 1.761e-4
0.403, 2.556e-6, 1.761e-4
0.404, 2.550e-6, 1.762e-4
0.405, 2.531e-6, 1.762e-4
0.406, 2.526e-6, 1.762e-4
0.407, 2.509e-6, 1.762e-4
0.408, 2.503e-6, 1.763e-4
0.409, 2.485e-6, 1.763e-4
0.410, 2.496e-6, 1.763e-4
0.411, 2.466e-6, 1.763e-4
0.412, 2.461e-6, 1.764e-4
0.413, 2.441e-6, 1.764e-4
0.414, 2.436e-6, 1.764e-4
0.415, 2.413e-6, 1.764e-4
0.416, 2.409e-6, 1.765e-4
0.417, 2.389e-6, 1.765e-4
0.418, 2.381e-6, 1.765e-4
0.419, 2.365e-6, 1.765e-4
0.420, 2.359e-6, 1.766e-4
0.421, 2.335e-6, 1.766e-4
0.422, 2.331e-6, 1.766e-4
0.423, 2.311e-6, 1.766e-4
0.424, 2.303e-6, 1.767e-4
0.425, 2.282e-6, 1.767e-4
0.426, 2.266e-6, 1.767e-4
0.427, 2.247e-6, 1.767e-4
0.428, 2.238e-6, 1.767e-4
0.429, 2.218e-6, 1.768e-4
0.430, 2.206e-6, 1.768e-4
0.431, 2.187e-6, 1.768e-4
0.432, 2.179e-6, 1.768e-4
0.433, 2.160e-6, 1.769e-4
0.434, 2.148e-6, 1.769e-4
0.435, 2.129e-6, 1.769e-4
0.436, 2.118e-6, 1.769e-4
0.437, 2.095e-6, 1.769e-4
0.438, 2.088e-6, 1.770e-4
0.439, 2.065e-6, 1.770e-4
0.440, 2.054e-6, 1.770e-4
0.441, 2.030e-6, 1.770e-4
0.442, 2.020e-6, 1.770e-4
0.443, 1.997e-6, 1.771e-4
0.444, 1.985e-6, 1.771e-4
0.445, 1.966e-6, 1.771e-4
0.446, 1.955e-6, 1.771e-4
0.447, 1.927e-6, 1.771e-4
0.448, 1.919e-6, 1.772e-4
0.449, 1.897e-6, 1.772e-4
0.450, 1.877e-6, 1.772e-4
0.451, 1.861e-6, 1.772e-4
0.452, 1.845e-6, 1.772e-4
0.453, 1.821e-6, 1.773e-4
0.454, 1.805e-6, 1.773e-4
0.455, 1.783e-6, 1.773e-4
0.456, 1.766e-6, 1.773e-4
0.457, 1.744e-6, 1.773e-4
0.458, 1.728e-6, 1.773e-4
0.459, 1.706e-6, 1.774e-4
0.460, 1.688e-6, 1.774e-4
0.461, 1.662e-6, 1.774e-4
0.462, 1.646e-6, 1.774e-4
0.463, 1.617e-6, 1.774e-4
0.464, 1.603e-6, 1.774e-4
0.465, 1.577e-6, 1.775e-4
0.466, 1.555e-6, 1.775e-4
0.467, 1.533e-6, 1.775e-4
0.468, 1.512e-6, 1.775e-4
0.469, 1.476e-6, 1.775e-4
0.470, 1.457e-6, 1.775e-4
0.471, 1.431e-6, 1.775e-4
0.472, 1.406e-6, 1.776e-4
0.473, 1.383e-6, 1.776e-4
0.474, 1.357e-6, 1.776e-4
0.475, 1.333e-6, 1.776e-4
0.476, 1.303e-6, 1.776e-4
0.477, 1.282e-6, 1.776e-4
0.478, 1.253e-6, 1.776e-4
0.479, 1.225e-6, 1.776e-4
0.480, 1.198e-6, 1.777e-4
0.481, 1.176e-6, 1.777e-4
0.482, 1.142e-6, 1.777e-4
0.483, 1.117e-6, 1.777e-4
0.484, 1.091e-6, 1.777e-4
0.485, 1.060e-6, 1.777e-4
0.486, 1.030e-6, 1.777e-4
0.487, 1.003e-6, 1.777e-4
0.488, 9.695e-7, 1.777e-4
0.489, 9.410e-7, 1.778e-4
0.490, 9.107e-7, 1.778e-4
0.491, 8.822e-7, 1.778e-4
0.492, 8.431e-7, 1.778e-4
0.493, 8.191e-7, 1.778e-4
0.494, 7.829e-7, 1.778e-4
0.495, 7.509e-7, 1.778e-4
0.496, 7.134e-7, 1.778e-4
0.497, 6.840e-7, 1.778e-4
0.498, 6.344e-7, 1.778e-4
0.499, 6.168e-7, 1.778e-4
0.500, 5.716e-7, 1.778e-4
0.501, 5.468e-7, 1.778e-4
0.502, 5.053e-7, 1.778e-4
0.503, 4.833e-7, 1.779e-4
0.504, 4.344e-7, 1.779e-4
0.505, 4.138e-7, 1.779e-4
0.506, 3.700e-7, 1.779e-4
0.507, 3.458e-7, 1.779e-4
0.508, 3.007e-7, 1.779e-4
0.509, 2.833e-7, 1.779e-4
0.510, 2.382e-7, 1.779e-4
0.511, 2.092e-7, 1.779e-4
0.512, 1.616e-7, 1.779e-4
0.513, 1.391e-7, 1.779e-4
0.514, 9.524e-8, 1.779e-4
0.515, 7.681e-8, 1.779e-4
0.516, 3.185e-8, 1.779e-4
0.517, 1.012e-8, 1.779e-4
0.518, -4.272e-8, 1.779e-4
0.519, -7.036e-8, 1.779e-4
0.520, -1.168e-7, 1.779e-4
0.521, -1.342e-7, 1.779e-4
0.522, -1.812e-7, 1.779e-4
0.523, -1.907e-7, 1.779e-4
0.524, -2.440e-7, 1.779e-4
0.525, -2.524e-7, 1.779e-4
0.526, -2.995e-7, 1.779e-4
0.527, -3.161e-7, 1.779e-4
0.528, -3.581e-7, 1.779e-4
0.529, -3.695e-7, 1.779e-4
0.530, -4.166e-7, 1.779e-4
0.531, -4.264e-7, 1.779e-4
0.532, -4.658e-7, 1.778e-4
0.533, -4.805e-7, 1.778e-4
0.534, -5.200e-7, 1.778e-4
0.535, -5.299e-7, 1.778e-4
0.536, -5.708e-7, 1.778e-4
0.537, -5.776e-7, 1.778e-4
0.538, -6.197e-7, 1.778e-4
0.539, -6.243e-7, 1.778e-4
0.540, -6.659e-7, 1.778e-4
0.541, -6.738e-7, 1.778e-4
0.542, -7.097e-7, 1.778e-4
0.543, -7.218e-7, 1.778e-4
0.544, -7.544e-7, 1.778e-4
0.545, -7.567e-7, 1.778e-4
0.546, -8.040e-7, 1.778e-4
0.547, -7.999e-7, 1.777e-4
0.548, -8.408e-7, 1.777e-4
0.549, -8.440e-7, 1.777e-4
0.550, -8.896e-7, 1.777e-4
0.551, -8.830e-7, 1.777e-4
0.552, -9.245e-7, 1.777e-4
0.553, -9.250e-7, 1.777e-4
0.554, -9.576e-7, 1.777e-4
0.555, -9.555e-7, 1.777e-4
0.556, -9.941e-7, 1.777e-4
0.557, -9.908e-7, 1.777e-4
0.558, -1.024e-6, 1.776e-4
0.559, -1.028e-6, 1.776e-4
0.560, -1.057e-6, 1.776e-4
0.561, -1.057e-6, 1.776e-4
0.562, -1.096e-6, 1.776e-4
0.563, -1.091e-6, 1.776e-4
0.564, -1.122e-6, 1.776e-4
0.565, -1.122e-6, 1.776e-4
0.566, -1.151e-6, 1.776e-4
0.567, -1.146e-6, 1.775e-4
0.568, -1.175e-6, 1.775e-4
0.569, -1.177e-6, 1.775e-4
0.570, -1.204e-6, 1.775e-4
0.571, -1.197e-6, 1.775e-4
0.572, -1.235e-6, 1.775e-4
0.573, -1.225e-6, 1.775e-4
0.574, -1.256e-6, 1.775e-4
0.575, -1.252e-6, 1.775e-4
0.576, -1.280e-6, 1.774e-4
0.577, -1.274e-6, 1.774e-4
0.578, -1.310e-6, 1.774e-4
0.579, -1.298e-6, 1.774e-4
0.580, -1.324e-6, 1.774e-4
0.581, -1.323e-6, 1.774e-4
0.582, -1.348e-6, 1.774e-4
0.583, -1.341e-6, 1.773e-4
0.584, -1.370e-6, 1.773e-4
0.585, -1.363e-6, 1.773e-4
0.586, -1.390e-6, 1.773e-4
0.587, -1.382e-6, 1.773e-4
0.588, -1.410e-6, 1.773e-4
0.589, -1.402e-6, 1.773e-4
0.590, -1.425e-6, 1.772e-4
0.591, -1.423e-6, 1.772e-4
0.592, -1.444e-6, 1.772e-4
0.593, -1.435e-6, 1.772e-4
0.594, -1.467e-6, 1.772e-4
0.595, -1.451e-6, 1.772e-4
0.596, -1.477e-6, 1.772e-4
0.597, -1.471e-6, 1.771e-4
0.598, -1.493e-6, 1.771e-4
0.599, -1.477e-6, 1.771e-4
0.600, -1.507e-6, 1.771e-4
0.601, -1.500e-6, 1.771e-4
0.602, -1.522e-6, 1.771e-4
0.603, -1.512e-6, 1.771e-4
0.604, -1.535e-6, 1.770e-4
0.605, -1.520e-6, 1.770e-4
0.606, -1.540e-6, 1.770e-4
0.607, -1.532e-6, 1.770e-4
0.608, -1.554e-6, 1.770e-4
0.609, -1.544e-6, 1.770e-4
0.610, -1.568e-6, 1.769e-4
0.611, -1.555e-6, 1.769e-4
0.612, -1.575e-6, 1.769e-4
0.613, -1.567e-6, 1.769e-4
0.614, -1.585e-6, 1.769e-4
0.615, -1.558e-6, 1.769e-4
0.616, -1.589e-6, 1.769e-4
0.617, -1.576e-6, 1.768e-4
0.618, -1.598e-6, 1.768e-4
0.619, -1.582e-6, 1.768e-4
0.620, -1.612e-6, 1.768e-4
0.621, -1.593e-6, 1.768e-4
0.622, -1.614e-6, 1.768e-4
0.623, -1.604e-6, 1.767e-4
0.624, -1.623e-6, 1.767e-4
0.625, -1.606e-6, 1.767e-4
0.626, -1.635e-6, 1.767e-4
0.627, -1.619e-6, 1.767e-4
0.628, -1.638e-6, 1.767e-4
0.629, -1.630e-6, 1.766e-4
0.630, -1.642e-6, 1.766e-4
0.631, -1.629e-6, 1.766e-4
0.632, -1.650e-6, 1.766e-4
0.633, -1.634e-6, 1.766e-4
0.634, -1.655e-6, 1.766e-4
0.635, -1.640e-6, 1.765e-4
0.636, -1.661e-6, 1.765e-4
0.637, -1.644e-6, 1.765e-4
0.638, -1.661e-6, 1.765e-4
0.639, -1.652e-6, 1.765e-4
0.640, -1.670e-6, 1.765e-4
0.641, -1.649e-6, 1.764e-4
0.642, -1.679e-6, 1.764e-4
0.643, -1.658e-6, 1.764e-4
0.644, -1.677e-6, 1.764e-4
0.645, -1.662e-6, 1.764e-4
0.646, -1.682e-6, 1.764e-4
0.647, -1.664e-6, 1.763e-4
0.648, -1.684e-6, 1.763e-4
0.649, -1.673e-6, 1.763e-4
0.650, -1.685e-6, 1.763e-4
0.651, -1.671e-6, 1.763e-4
0.652, -1.689e-6, 1.763e-4
0.653, -1.672e-6, 1.762e-4
0.654, -1.688e-6, 1.762e-4
0.655, -1.677e-6, 1.762e-4
0.656, -1.694e-6, 1.762e-4
0.657, -1.677e-6, 1.762e-4
0.658, -1.697e-6, 1.762e-4
0.659, -1.681e-6, 1.761e-4
0.660, -1.696e-6, 1.761e-4
0.661, -1.683e-6, 1.761e-4
0.662, -1.699e-6, 1.761e-4
0.663, -1.683e-6, 1.761e-4
0.664, -1.697e-6, 1.761e-4
0.665, -1.684e-6, 1.760e-4
0.666, -1.702e-6, 1.760e-4
0.667, -1.681e-6, 1.760e-4
0.668, -1.705e-6, 1.760e-4
0.669, -1.683e-6, 1.760e-4
0.670, -1.701e-6, 1.760e-4
0.671, -1.688e-6, 1.759e-4
0.672, -1.703e-6, 1.759e-4
0.673, -1.686e-6, 1.759e-4
0.674, -1.705e-6, 1.759e-4
0.675, -1.688e-6, 1.759e-4
0.676, -1.702e-6, 1.759e-4
0.677, -1.692e-6, 1.758e-4
0.678, -1.702e-6, 1.758e-4
0.679, -1.687e-6, 1.758e-4
0.680, -1.706e-6, 1.758e-4
0.681, -1.690e-6, 1.758e-4
0.682, -1.704e-6, 1.758e-4
0.683, -1.686e-6, 1.757e-4
0.684, -1.706e-6, 1.757e-4
0.685, -1.688e-6, 1.757e-4
0.686, -1.700e-6, 1.757e-4
0.687, -1.690e-6, 1.757e-4
0.688, -1.703e-6, 1.757e-4
0.689, -1.686e-6, 1.756e-4
0.690, -1.712e-6, 1.756e-4
0.691, -1.687e-6, 1.756e-4
0.692, -1.705e-6, 1.756e-4
0.693, -1.689e-6, 1.756e-4
0.694, -1.706e-6, 1.756e-4
0.695, -1.685e-6, 1.755e-4
0.696, -1.706e-6, 1.755e-4
0.697, -1.693e-6, 1.755e-4
0.698, -1.704e-6, 1.755e-4
0.699, -1.690e-6, 1.755e-4
0.700, -1.706e-6, 1.754e-4
0.701, -1.687e-6, 1.754e-4
0.702, -1.701e-6, 1.754e-4
0.703, -1.691e-6, 1.754e-4
0.704, -1.704e-6, 1.754e-4
0.705, -1.687e-6, 1.754e-4
0.706, -1.707e-6, 1.753e-4
0.707, -1.687e-6, 1.753e-4
0.708, -1.700e-6, 1.753e-4
0.709, -1.690e-6, 1.753e-4
0.710, -1.703e-6, 1.753e-4
0.711, -1.688e-6, 1.753e-4
0.712, -1.701e-6, 1.752e-4
0.713, -1.688e-6, 1.752e-4
0.714, -1.701e-6, 1.752e-4
0.715, -1.685e-6, 1.752e-4
0.716, -1.703e-6, 1.752e-4
0.717, -1.694e-6, 1.752e-4
0.718, -1.706e-6, 1.751e-4
0.719, -1.690e-6, 1.751e-4
0.720, -1.701e-6, 1.751e-4
0.721, -1.686e-6, 1.751e-4
0.722, -1.702e-6, 1.751e-4
0.723, -1.686e-6, 1.751e-4
0.724, -1.698e-6, 1.750e-4
0.725, -1.690e-6, 1.750e-4
0.726, -1.697e-6, 1.750e-4
0.727, -1.684e-6, 1.750e-4
0.728, -1.698e-6, 1.750e-4
0.729, -1.681e-6, 1.750e-4
0.730, -1.692e-6, 1.749e-4
0.731, -1.680e-6, 1.749e-4
0.732, -1.694e-6, 1.749e-4
0.733, -1.678e-6, 1.749e-4
0.734, -1.688e-6, 1.749e-4
0.735, -1.679e-6, 1.749e-4
0.736, -1.687e-6, 1.748e-4
0.737, -1.673e-6, 1.748e-4
0.738, -1.690e-6, 1.748e-4
0.739, -1.669e-6, 1.748e-4
0.740, -1.683e-6, 1.748e-4
0.741, -1.673e-6, 1.748e-4
0.742, -1.684e-6, 1.747e-4
0.743, -1.668e-6, 1.747e-4
0.744, -1.682e-6, 1.747e-4
0.745, -1.669e-6, 1.747e-4
0.746, -1.679e-6, 1.747e-4
0.747, -1.666e-6, 1.747e-4
0.748, -1.679e-6, 1.746e-4
0.749, -1.663e-6, 1.746e-4
0.750, -1.674e-6, 1.746e-4
0.751, -1.663e-6, 1.746e-4
0.752, -1.673e-6, 1.746e-4
0.753, -1.661e-6, 1.746e-4
0.754, -1.674e-6, 1.745e-4
0.755, -1.660e-6, 1.745e-4
0.756, -1.668e-6, 1.745e-4
0.757, -1.659e-6, 1.745e-4
0.758, -1.669e-6, 1.745e-4
0.759, -1.656e-6, 1.745e-4
0.760, -1.668e-6, 1.744e-4
0.761, -1.652e-6, 1.744e-4
0.762, -1.667e-6, 1.744e-4
0.763, -1.650e-6, 1.744e-4
0.764, -1.667e-6, 1.744e-4
0.765, -1.647e-6, 1.744e-4
0.766, -1.663e-6, 1.743e-4
0.767, -1.652e-6, 1.743e-4
0.768, -1.661e-6, 1.743e-4
0.769, -1.646e-6, 1.743e-4
0.770, -1.663e-6, 1.743e-4
0.771, -1.645e-6, 1.743e-4
0.772, -1.658e-6, 1.742e-4
0.773, -1.649e-6, 1.742e-4
0.774, -1.656e-6, 1.742e-4
0.775, -1.646e-6, 1.742e-4
0.776, -1.657e-6, 1.742e-4
0.777, -1.645e-6, 1.742e-4
0.778, -1.654e-6, 1.741e-4
0.779, -1.645e-6, 1.741e-4
0.780, -1.657e-6, 1.741e-4
0.781, -1.644e-6, 1.741e-4
0.782, -1.653e-6, 1.741e-4
0.783, -1.644e-6, 1.741e-4
0.784, -1.651e-6, 1.740e-4
0.785, -1.643e-6, 1.740e-4
0.786, -1.659e-6, 1.740e-4
0.787, -1.639e-6, 1.740e-4
0.788, -1.650e-6, 1.740e-4
0.789, -1.642e-6, 1.740e-4
0.790, -1.656e-6, 1.739e-4
0.791, -1.640e-6, 1.739e-4
0.792, -1.655e-6, 1.739e-4
0.793, -1.642e-6, 1.739e-4
0.794, -1.652e-6, 1.739e-4
0.795, -1.641e-6, 1.739e-4
0.796, -1.653e-6, 1.738e-4
0.797, -1.641e-6, 1.738e-4
0.798, -1.651e-6, 1.738e-4
0.799, -1.645e-6, 1.738e-4
0.800, -1.652e-6, 1.738e-4
0.801, -1.641e-6, 1.738e-4
0.802, -1.656e-6, 1.737e-4
0.803, -1.642e-6, 1.737e-4
0.804, -1.652e-6, 1.737e-4
0.805, -1.647e-6, 1.737e-4
0.806, -1.656e-6, 1.737e-4
0.807, -1.642e-6, 1.737e-4
0.808, -1.655e-6, 1.736e-4
0.809, -1.646e-6, 1.736e-4
0.810, -1.656e-6, 1.736e-4
0.811, -1.644e-6, 1.736e-4
0.812, -1.660e-6, 1.736e-4
0.813, -1.644e-6, 1.736e-4
0.814, -1.661e-6, 1.735e-4
0.815, -1.651e-6, 1.735e-4
0.816, -1.659e-6, 1.735e-4
0.817, -1.648e-6, 1.735e-4
0.818, -1.663e-6, 1.735e-4
0.819, -1.647e-6, 1.735e-4
0.820, -1.649e-6, 1.734e-4
0.821, -1.650e-6, 1.734e-4
0.822, -1.657e-6, 1.734e-4
0.823, -1.646e-6, 1.734e-4
0.824, -1.660e-6, 1.734e-4
0.825, -1.653e-6, 1.734e-4
0.826, -1.663e-6, 1.733e-4
0.827, -1.654e-6, 1.733e-4
0.828, -1.664e-6, 1.733e-4
0.829, -1.656e-6, 1.733e-4
0.830, -1.665e-6, 1.733e-4
0.831, -1.661e-6, 1.733e-4
0.832, -1.668e-6, 1.732e-4
0.833, -1.659e-6, 1.732e-4
0.834, -1.676e-6, 1.732e-4
0.835, -1.661e-6, 1.732e-4
0.836, -1.672e-6, 1.732e-4
0.837, -1.665e-6, 1.732e-4
0.838, -1.677e-6, 1.731e-4
0.839, -1.666e-6, 1.731e-4
0.840, -1.680e-6, 1.731e-4
0.841, -1.669e-6, 1.731e-4
0.842, -1.679e-6, 1.731e-4
0.843, -1.673e-6, 1.731e-4
0.844, -1.682e-6, 1.730e-4
0.845, -1.673e-6, 1.730e-4
0.846, -1.684e-6, 1.730e-4
0.847, -1.679e-6, 1.730e-4
0.848, -1.687e-6, 1.730e-4
0.849, -1.676e-6, 1.730e-4
0.850, -1.692e-6, 1.729e-4
0.851, -1.684e-6, 1.729e-4
0.852, -1.691e-6, 1.729e-4
0.853, -1.687e-6, 1.729e-4
0.854, -1.694e-6, 1.729e-4
0.855, -1.688e-6, 1.729e-4
0.856, -1.697e-6, 1.728e-4
0.857, -1.690e-6, 1.728e-4
0.858, -1.701e-6, 1.728e-4
0.859, -1.690e-6, 1.728e-4
0.860, -1.706e-6, 1.728e-4
0.861, -1.692e-6, 1.728e-4
0.862, -1.706e-6, 1.727e-4
0.863, -1.699e-6, 1.727e-4
0.864, -1.707e-6, 1.727e-4
0.865, -1.700e-6, 1.727e-4
0.866, -1.713e-6, 1.727e-4
0.867, -1.704e-6, 1.727e-4
0.868, -1.710e-6, 1.726e-4
0.869, -1.708e-6, 1.726e-4
0.870, -1.715e-6, 1.726e-4
0.871, -1.709e-6, 1.726e-4
0.872, -1.719e-6, 1.726e-4
0.873, -1.712e-6, 1.726e-4
0.874, -1.721e-6, 1.725e-4
0.875, -1.715e-6, 1.725e-4
0.876, -1.725e-6, 1.725e-4
0.877, -1.718e-6, 1.725e-4
0.878, -1.729e-6, 1.725e-4
0.879, -1.722e-6, 1.725e-4
0.880, -1.730e-6, 1.724e-4
0.881, -1.721e-6, 1.724e-4
0.882, -1.736e-6, 1.724e-4
0.883, -1.724e-6, 1.724e-4
0.884, -1.736e-6, 1.724e-4
0.885, -1.730e-6, 1.724e-4
0.886, -1.740e-6, 1.723e-4
0.887, -1.733e-6, 1.723e-4
0.888, -1.743e-6, 1.723e-4
0.889, -1.736e-6, 1.723e-4
0.890, -1.743e-6, 1.723e-4
0.891, -1.739e-6, 1.722e-4
0.892, -1.748e-6, 1.722e-4
0.893, -1.740e-6, 1.722e-4
0.894, -1.748e-6, 1.722e-4
0.895, -1.745e-6, 1.722e-4
0.896, -1.753e-6, 1.722e-4
0.897, -1.746e-6, 1.721e-4
0.898, -1.758e-6, 1.721e-4
0.899, -1.750e-6, 1.721e-4
0.900, -1.758e-6, 1.721e-4
0.901, -1.756e-6, 1.721e-4
0.902, -1.761e-6, 1.721e-4
0.903, -1.756e-6, 1.720e-4
0.904, -1.766e-6, 1.720e-4
0.905, -1.757e-6, 1.720e-4
0.906, -1.767e-6, 1.720e-4
0.907, -1.759e-6, 1.720e-4
0.908, -1.771e-6, 1.719e-4
0.909, -1.762e-6, 1.719e-4
0.910, -1.773e-6, 1.719e-4
0.911, -1.768e-6, 1.719e-4
0.912, -1.776e-6, 1.719e-4
0.913, -1.769e-6, 1.719e-4
0.914, -1.781e-6, 1.718e-4
0.915, -1.772e-6, 1.718e-4
0.916, -1.781e-6, 1.718e-4
0.917, -1.776e-6, 1.718e-4
0.918, -1.784e-6, 1.718e-4
0.919, -1.778e-6, 1.718e-4
0.920, -1.788e-6, 1.717e-4
0.921, -1.781e-6, 1.717e-4
0.922, -1.798e-6, 1.717e-4
0.923, -1.786e-6, 1.717e-4
0.924, -1.795e-6, 1.717e-4
0.925, -1.787e-6, 1.716e-4
0.926, -1.797e-6, 1.716e-4
0.927, -1.791e-6, 1.716e-4
0.928, -1.799e-6, 1.716e-4
0.929, -1.791e-6, 1.716e-4
0.930, -1.805e-6, 1.716e-4
0.931, -1.796e-6, 1.715e-4
0.932, -1.805e-6, 1.715e-4
0.933, -1.798e-6, 1.715e-4
0.934, -1.808e-6, 1.715e-4
0.935, -1.798e-6, 1.715e-4
0.936, -1.810e-6, 1.714e-4
0.937, -1.805e-6, 1.714e-4
0.938, -1.809e-6, 1.714e-4
0.939, -1.806e-6, 1.714e-4
0.940, -1.814e-6, 1.714e-4
0.941, -1.809e-6, 1.714e-4
0.942, -1.813e-6, 1.713e-4
0.943, -1.810e-6, 1.713e-4
0.944, -1.815e-6, 1.713e-4
0.945, -1.811e-6, 1.713e-4
0.946, -1.823e-6, 1.713e-4
0.947, -1.816e-6, 1.712e-4
0.948, -1.822e-6, 1.712e-4
0.949, -1.818e-6, 1.712e-4
0.950, -1.823e-6, 1.712e-4
0.951, -1.817e-6, 1.712e-4
0.952, -1.828e-6, 1.712e-4
0.953, -1.820e-6, 1.711e-4
0.954, -1.830e-6, 1.711e-4
0.955, -1.822e-6, 1.711e-4
0.956, -1.832e-6, 1.711e-4
0.957, -1.822e-6, 1.711e-4
0.958, -1.833e-6, 1.710e-4
0.959, -1.829e-6, 1.710e-4
0.960, -1.835e-6, 1.710e-4
0.961, -1.830e-6, 1.710e-4
0.962, -1.839e-6, 1.710e-4
0.963, -1.831e-6, 1.710e-4
0.964, -1.837e-6, 1.709e-4
0.965, -1.837e-6, 1.709e-4
0.966, -1.840e-6, 1.709e-4
0.967, -1.836e-6, 1.709e-4
0.968, -1.843e-6, 1.709e-4
0.969, -1.837e-6, 1.708e-4
0.970, -1.845e-6, 1.708e-4
0.971, -1.839e-6, 1.708e-4
0.972, -1.848e-6, 1.708e-4
0.973, -1.842e-6, 1.708e-4
0.974, -1.848e-6, 1.708e-4
0.975, -1.845e-6, 1.707e-4
0.976, -1.850e-6, 1.707e-4
0.977, -1.843e-6, 1.707e-4
0.978, -1.856e-6, 1.707e-4
0.979, -1.845e-6, 1.707e-4
0.980, -1.855e-6, 1.706e-4
0.981, -1.849e-6, 1.706e-4
0.982, -1.859e-6, 1.706e-4
0.983, -1.849e-6, 1.706e-4
0.984, -1.860e-6, 1.706e-4
0.985, -1.854e-6, 1.705e-4
0.986, -1.859e-6, 1.705e-4
0.987, -1.854e-6, 1.705e-4
0.988, -1.861e-6, 1.705e-4
0.989, -1.856e-6, 1.705e-4
0.990, -1.861e-6, 1.705e-4
0.991, -1.860e-6, 1.704e-4
0.992, -1.865e-6, 1.704e-4
0.993, -1.858e-6, 1.704e-4
0.994, -1.870e-6, 1.704e-4
0.995, -1.861e-6, 1.704e-4
0.996, -1.866e-6, 1.703e-4
0.997, -1.865e-6, 1.703e-4
0.998, -1.870e-6, 1.703e-4
0.999, -1.863e-6, 1.703e-4
1.000, -1.872e-6, 1.703e-4
1.001, -1.866e-6, 1.703e-4
1.002, -1.874e-6, 1.702e-4
1.003, -1.865e-6, 1.702e-4
1.004, -1.876e-6, 1.702e-4
1.005, -1.868e-6, 1.702e-4
1.006, -1.878e-6, 1.702e-4
1.007, -1.872e-6, 1.701e-4
1.008, -1.878e-6, 1.701e-4
1.009, -1.871e-6, 1.701e-4
1.010, -1.882e-6, 1.701e-4
1.011, -1.873e-6, 1.701e-4
1.012, -1.880e-6, 1.700e-4
1.013, -1.878e-6, 1.700e-4
1.014, -1.881e-6, 1.700e-4
1.015, -1.879e-6, 1.700e-4
1.016, -1.885e-6, 1.700e-4
1.017, -1.879e-6, 1.700e-4
1.018, -1.885e-6, 1.699e-4
1.019, -1.880e-6, 1.699e-4
1.020, -1.887e-6, 1.699e-4
1.021, -1.882e-6, 1.699e-4
1.022, -1.887e-6, 1.699e-4
1.023, -1.885e-6, 1.698e-4
1.024, -1.882e-6, 1.698e-4
1.025, -1.879e-6, 1.698e-4
1.026, -1.891e-6, 1.698e-4
1.027, -1.884e-6, 1.698e-4
1.028, -1.889e-6, 1.697e-4
1.029, -1.886e-6, 1.697e-4
1.030, -1.892e-6, 1.697e-4
1.031, -1.885e-6, 1.697e-4
1.032, -1.893e-6, 1.697e-4
1.033, -1.889e-6, 1.696e-4
1.034, -1.894e-6, 1.696e-4
1.035, -1.890e-6, 1.696e-4
1.036, -1.896e-6, 1.696e-4
1.037, -1.889e-6, 1.696e-4
1.038, -1.896e-6, 1.696e-4
1.039, -1.893e-6, 1.695e-4
1.040, -1.897e-6, 1.695e-4
1.041, -1.892e-6, 1.695e-4
1.042, -1.901e-6, 1.695e-4
1.043, -1.895e-6, 1.695e-4
1.044, -1.900e-6, 1.694e-4
1.045, -1.900e-6, 1.694e-4
1.046, -1.902e-6, 1.694e-4
1.047, -1.897e-6, 1.694e-4
1.048, -1.905e-6, 1.694e-4
1.049, -1.900e-6, 1.693e-4
1.050, -1.906e-6, 1.693e-4
1.051, -1.900e-6, 1.693e-4
1.052, -1.909e-6, 1.693e-4
1.053, -1.902e-6, 1.693e-4
1.054, -1.908e-6, 1.693e-4
1.055, -1.904e-6, 1.692e-4
1.056, -1.909e-6, 1.692e-4
1.057, -1.905e-6, 1.692e-4
1.058, -1.911e-6, 1.692e-4
1.059, -1.906e-6, 1.692e-4
1.060, -1.912e-6, 1.691e-4
1.061, -1.909e-6, 1.691e-4
1.062, -1.913e-6, 1.691e-4
1.063, -1.910e-6, 1.691e-4
1.064, -1.917e-6, 1.691e-4
1.065, -1.911e-6, 1.690e-4
1.066, -1.915e-6, 1.690e-4
1.067, -1.913e-6, 1.690e-4
1.068, -1.920e-6, 1.690e-4
1.069, -1.913e-6, 1.690e-4
1.070, -1.919e-6, 1.689e-4
1.071, -1.919e-6, 1.689e-4
1.072, -1.923e-6, 1.689e-4
1.073, -1.917e-6, 1.689e-4
1.074, -1.929e-6, 1.689e-4
1.075, -1.919e-6, 1.688e-4
1.076, -1.928e-6, 1.688e-4
1.077, -1.923e-6, 1.688e-4
1.078, -1.930e-6, 1.688e-4
1.079, -1.924e-6, 1.688e-4
1.080, -1.933e-6, 1.688e-4
1.081, -1.928e-6, 1.687e-4
1.082, -1.933e-6, 1.687e-4
1.083, -1.930e-6, 1.687e-4
1.084, -1.935e-6, 1.687e-4
1.085, -1.932e-6, 1.687e-4
1.086, -1.937e-6, 1.686e-4
1.087, -1.936e-6, 1.686e-4
1.088, -1.938e-6, 1.686e-4
1.089, -1.936e-6, 1.686e-4
1.090, -1.945e-6, 1.686e-4
1.091, -1.938e-6, 1.685e-4
1.092, -1.944e-6, 1.685e-4
1.093, -1.944e-6, 1.685e-4
1.094, -1.948e-6, 1.685e-4
1.095, -1.944e-6, 1.685e-4
1.096, -1.952e-6, 1.684e-4
1.097, -1.947e-6, 1.684e-4
1.098, -1.954e-6, 1.684e-4
1.099, -1.949e-6, 1.684e-4
1.100, -1.958e-6, 1.684e-4
1.101, -1.953e-6, 1.683e-4
1.102, -1.960e-6, 1.683e-4
1.103, -1.957e-6, 1.683e-4
1.104, -1.962e-6, 1.683e-4
1.105, -1.958e-6, 1.683e-4
1.106, -1.969e-6, 1.682e-4
1.107, -1.963e-6, 1.682e-4
1.108, -1.969e-6, 1.682e-4
1.109, -1.968e-6, 1.682e-4
1.110, -1.974e-6, 1.682e-4
1.111, -1.970e-6, 1.681e-4
1.112, -1.980e-6, 1.681e-4
1.113, -1.975e-6, 1.681e-4
1.114, -1.981e-6, 1.681e-4
1.115, -1.981e-6, 1.681e-4
1.116, -1.985e-6, 1.680e-4
1.117, -1.983e-6, 1.680e-4
1.118, -1.990e-6, 1.680e-4
1.119, -1.990e-6, 1.680e-4
1.120, -1.996e-6, 1.680e-4
1.121, -1.993e-6, 1.679e-4
1.122, -2.003e-6, 1.679e-4
1.123, -1.995e-6, 1.679e-4
1.124, -2.004e-6, 1.679e-4
1.125, -2.004e-6, 1.679e-4
1.126, -2.010e-6, 1.678e-4
1.127, -2.011e-6, 1.678e-4
1.128, -2.018e-6, 1.678e-4
1.129, -2.014e-6, 1.678e-4
1.130, -2.024e-6, 1.678e-4
1.131, -2.021e-6, 1.677e-4
1.132, -2.029e-6, 1.677e-4
1.133, -2.026e-6, 1.677e-4
1.134, -2.032e-6, 1.677e-4
1.135, -2.034e-6, 1.677e-4
1.136, -2.038e-6, 1.676e-4
1.137, -2.038e-6, 1.676e-4
1.138, -2.048e-6, 1.676e-4
1.139, -2.045e-6, 1.676e-4
1.140, -2.052e-6, 1.676e-4
1.141, -2.054e-6, 1.675e-4
1.142, -2.059e-6, 1.675e-4
1.143, -2.057e-6, 1.675e-4
1.144, -2.067e-6, 1.675e-4
1.145, -2.065e-6, 1.675e-4
1.146, -2.074e-6, 1.674e-4
1.147, -2.071e-6, 1.674e-4
1.148, -2.082e-6, 1.674e-4
1.149, -2.080e-6, 1.674e-4
1.150, -2.090e-6, 1.674e-4
1.151, -2.090e-6, 1.673e-4
1.152, -2.098e-6, 1.673e-4
1.153, -2.098e-6, 1.673e-4
1.154, -2.106e-6, 1.673e-4
1.155, -2.105e-6, 1.673e-4
1.156, -2.113e-6, 1.672e-4
1.157, -2.115e-6, 1.672e-4
1.158, -2.124e-6, 1.672e-4
1.159, -2.124e-6, 1.672e-4
1.160, -2.134e-6, 1.671e-4
1.161, -2.134e-6, 1.671e-4
1.162, -2.141e-6, 1.671e-4
1.163, -2.143e-6, 1.671e-4
1.164, -2.154e-6, 1.671e-4
1.165, -2.153e-6, 1.670e-4
1.166, -2.164e-6, 1.670e-4
1.167, -2.166e-6, 1.670e-4
1.168, -2.174e-6, 1.670e-4
1.169, -2.175e-6, 1.670e-4
1.170, -2.188e-6, 1.669e-4
1.171, -2.185e-6, 1.669e-4
1.172, -2.197e-6, 1.669e-4
1.173, -2.200e-6, 1.669e-4
1.174, -2.211e-6, 1.668e-4
1.175, -2.209e-6, 1.668e-4
1.176, -2.223e-6, 1.668e-4
1.177, -2.225e-6, 1.668e-4
1.178, -2.236e-6, 1.668e-4
1.179, -2.237e-6, 1.667e-4
1.180, -2.250e-6, 1.667e-4
1.181, -2.250e-6, 1.667e-4
1.182, -2.261e-6, 1.667e-4
1.183, -2.268e-6, 1.666e-4
1.184, -2.278e-6, 1.666e-4
1.185, -2.279e-6, 1.666e-4
1.186, -2.295e-6, 1.666e-4
1.187, -2.296e-6, 1.665e-4
1.188, -2.307e-6, 1.665e-4
1.189, -2.314e-6, 1.665e-4
1.190, -2.324e-6, 1.665e-4
1.191, -2.328e-6, 1.665e-4
1.192, -2.341e-6, 1.664e-4
1.193, -2.345e-6, 1.664e-4
1.194, -2.359e-6, 1.664e-4
1.195, -2.361e-6, 1.664e-4
1.196, -2.378e-6, 1.663e-4
1.197, -2.380e-6, 1.663e-4
1.198, -2.396e-6, 1.663e-4
1.199, -2.402e-6, 1.663e-4
1.200, -2.422e-6, 1.662e-4
1.201, -2.426e-6, 1.662e-4
1.202, -2.444e-6, 1.662e-4
1.203, -2.447e-6, 1.662e-4
1.204, -2.465e-6, 1.661e-4
1.205, -2.472e-6, 1.661e-4
1.206, -2.486e-6, 1.661e-4
1.207, -2.492e-6, 1.661e-4
1.208, -2.511e-6, 1.660e-4
1.209, -2.516e-6, 1.660e-4
1.210, -2.532e-6, 1.660e-4
1.211, -2.540e-6, 1.660e-4
1.212, -2.557e-6, 1.659e-4
1.213, -2.564e-6, 1.659e-4
1.214, -2.582e-6, 1.659e-4
1.215, -2.590e-6, 1.659e-4
1.216, -2.606e-6, 1.658e-4
1.217, -2.614e-6, 1.658e-4
1.218, -2.637e-6, 1.658e-4
1.219, -2.640e-6, 1.658e-4
1.220, -2.665e-6, 1.657e-4
1.221, -2.674e-6, 1.657e-4
1.222, -2.693e-6, 1.657e-4
1.223, -2.702e-6, 1.657e-4
1.224, -2.724e-6, 1.656e-4
1.225, -2.734e-6, 1.656e-4
1.226, -2.755e-6, 1.656e-4
1.227, -2.766e-6, 1.655e-4
1.228, -2.788e-6, 1.655e-4
1.229, -2.788e-6, 1.655e-4
1.230, -2.815e-6, 1.655e-4
1.231, -2.829e-6, 1.654e-4
1.232, -2.852e-6, 1.654e-4
1.233, -2.864e-6, 1.654e-4
1.234, -2.890e-6, 1.653e-4
1.235, -2.902e-6, 1.653e-4
1.236, -2.925e-6, 1.653e-4
1.237, -2.940e-6, 1.653e-4
1.238, -2.967e-6, 1.652e-4
1.239, -2.979e-6, 1.652e-4
1.240, -3.009e-6, 1.652e-4
1.241, -3.021e-6, 1.651e-4
1.242, -3.049e-6, 1.651e-4
1.243, -3.062e-6, 1.651e-4
1.244, -3.093e-6, 1.650e-4
1.245, -3.107e-6, 1.650e-4
1.246, -3.137e-6, 1.650e-4
1.247, -3.155e-6, 1.650e-4
1.248, -3.189e-6, 1.649e-4
1.249, -3.212e-6, 1.649e-4
1.250, -3.248e-6, 1.649e-4
1.251, -3.264e-6, 1.648e-4
1.252, -3.294e-6, 1.648e-4
1.253, -3.317e-6, 1.648e-4
1.254, -3.347e-6, 1.647e-4
1.255, -3.369e-6, 1.647e-4
1.256, -3.406e-6, 1.647e-4
1.257, -3.427e-6, 1.646e-4
1.258, -3.461e-6, 1.646e-4
1.259, -3.484e-6, 1.646e-4
1.260, -3.521e-6, 1.645e-4
1.261, -3.544e-6, 1.645e-4
1.262, -3.582e-6, 1.644e-4
1.263, -3.609e-6, 1.644e-4
1.264, -3.650e-6, 1.644e-4
1.265, -3.670e-6, 1.643e-4
1.266, -3.713e-6, 1.643e-4
1.267, -3.738e-6, 1.643e-4
1.268, -3.780e-6, 1.642e-4
1.269, -3.810e-6, 1.642e-4
1.270, -3.853e-6, 1.641e-4
1.271, -3.880e-6, 1.641e-4
1.272, -3.926e-6, 1.641e-4
1.273, -3.958e-6, 1.640e-4
1.274, -4.010e-6, 1.640e-4
1.275, -4.045e-6, 1.640e-4
1.276, -4.093e-6, 1.639e-4
1.277, -4.124e-6, 1.639e-4
1.278, -4.170e-6, 1.638e-4
1.279, -4.210e-6, 1.638e-4
1.280, -4.262e-6, 1.637e-4
1.281, -4.294e-6, 1.637e-4
1.282, -4.352e-6, 1.637e-4
1.283, -4.386e-6, 1.636e-4
1.284, -4.441e-6, 1.636e-4
1.285, -4.480e-6, 1.635e-4
1.286, -4.536e-6, 1.635e-4
1.287, -4.576e-6, 1.634e-4
1.288, -4.636e-6, 1.634e-4
1.289, -4.675e-6, 1.633e-4
1.290, -4.736e-6, 1.633e-4
1.291, -4.787e-6, 1.632e-4
1.292, -4.853e-6, 1.632e-4
1.293, -4.896e-6, 1.631e-4
1.294, -4.964e-6, 1.631e-4
1.295, -5.010e-6, 1.630e-4
1.296, -5.077e-6, 1.630e-4
1.297, -5.124e-6, 1.629e-4
1.298, -5.199e-6, 1.629e-4
1.299, -5.245e-6, 1.628e-4
1.300, -5.274e-6, 1.628e-4