-0.309, 1.909e-6, -4.176e-5
-0.308, 1.461e-6, -4.175e-5
-0.307, 1.097e-6, -4.174e-5
-0.306, 1.094e-6, -4.173e-5
-0.305, 8.701e-7, -4.172e-5
-0.304, 9.225e-7, -4.171e-5
-0.303, 7.257e-7, -4.170e-5
-0.302, 7.838e-7, -4.170e-5
-0.301, 6.119e-7, -4.169e-5
-0.300, 7.090e-7, -4.168e-5
-0.299, 5.334e-7, -4.168e-5
-0.298, 6.362e-7, -4.167e-5
-0.297, 4.817e-7, -4.167e-5
-0.296, 5.711e-7, -4.166e-5
-0.295, 4.173e-7, -4.166e-5
-0.294, 5.395e-7, -4.165e-5
-0.293, 3.851e-7, -4.165e-5
-0.292, 4.994e-7, -4.164e-5
-0.291, 3.604e-7, -4.164e-5
-0.290, 4.803e-7, -4.163e-5
-0.289, 3.229e-7, -4.163e-5
-0.288, 4.468e-7, -4.163e-5
-0.287, 3.136e-7, -4.162e-5
-0.286, 4.301e-7, -4.162e-5
-0.285, 2.838e-7, -4.161e-5
-0.284, 4.209e-7, -4.161e-5
-0.283, 2.562e-7, -4.161e-5
-0.282, 3.938e-7, -4.160e-5
-0.281, 2.511e-7, -4.160e-5
-0.280, 3.782e-7, -4.160e-5
-0.279, 2.179e-7, -4.160e-5
-0.278, 3.715e-7, -4.159e-5
-0.277, 2.122e-7, -4.159e-5
-0.276, 3.364e-7, -4.159e-5
-0.275, 1.933e-7, -4.158e-5
-0.274, 3.412e-7, -4.158e-5
-0.273, 1.645e-7, -4.158e-5
-0.272, 3.122e-7, -4.158e-5
-0.271, 1.465e-7, -4.158e-5
-0.270, 2.942e-7, -4.157e-5
-0.269, 1.333e-7, -4.157e-5
-0.268, 2.755e-7, -4.157e-5
-0.267, 8.756e-8, -4.157e-5
-0.266, 2.549e-7, -4.156e-5
-0.265, 9.128e-8, -4.156e-5
-0.264, 2.327e-7, -4.156e-5
-0.263, 5.060e-8, -4.156e-5
-0.262, 2.169e-7, -4.156e-5
-0.261, 4.328e-8, -4.156e-5
-0.260, 1.796e-7, -4.156e-5
-0.259, 1.910e-8, -4.156e-5
-0.258, 1.694e-7, -4.155e-5
-0.257, -2.814e-8, -4.155e-5
-0.256, 1.500e-7, -4.155e-5
-0.255, -5.468e-8, -4.155e-5
-0.254, 1.196e-7, -4.155e-5
-0.253, -8.011e-8, -4.155e-5
-0.252, 1.170e-7, -4.155e-5
-0.251, -1.122e-7, -4.155e-5
-0.250, 9.289e-8, -4.155e-5
-0.249, -1.336e-7, -4.155e-5
-0.248, 6.670e-8, -4.155e-5
-0.247, -1.543e-7, -4.155e-5
-0.246, 5.799e-8, -4.155e-5
-0.245, -1.635e-7, -4.156e-5
-0.244, 9.071e-9, -4.156e-5
-0.243, -1.920e-7, -4.156e-5
-0.242, 1.071e-8, -4.156e-5
-0.241, -2.325e-7, -4.156e-5
-0.240, -2.959e-8, -4.156e-5
-0.239, -2.345e-7, -4.156e-5
-0.238, -5.248e-8, -4.156e-5
-0.237, -2.605e-7, -4.157e-5
-0.236, -4.904e-8, -4.157e-5
-0.235, -2.844e-7, -4.157e-5
-0.234, -8.146e-8, -4.157e-5
-0.233, -2.911e-7, -4.157e-5
-0.232, -8.839e-8, -4.157e-5
-0.231, -3.237e-7, -4.158e-5
-0.230, -9.675e-8, -4.158e-5
-0.229, -3.285e-7, -4.158e-5
-0.228, -1.395e-7, -4.158e-5
-0.227, -3.421e-7, -4.159e-5
-0.226, -1.233e-7, -4.159e-5
-0.225, -3.594e-7, -4.159e-5
-0.224, -1.433e-7, -4.159e-5
-0.223, -3.742e-7, -4.160e-5
-0.222, -1.749e-7, -4.160e-5
-0.221, -3.695e-7, -4.160e-5
-0.220, -1.531e-7, -4.160e-5
-0.219, -3.981e-7, -4.161e-5
-0.218, -1.719e-7, -4.161e-5
-0.217, -3.918e-7, -4.161e-5
-0.216, -1.908e-7, -4.161e-5
-0.215, -4.062e-7, -4.162e-5
-0.214, -1.799e-7, -4.162e-5
-0.213, -4.025e-7, -4.162e-5
-0.212, -1.938e-7, -4.163e-5
-0.211, -4.270e-7, -4.163e-5
-0.210, -1.824e-7, -4.163e-5
-0.209, -4.393e-7, -4.164e-5
-0.208, -2.049e-7, -4.164e-5
-0.207, -4.205e-7, -4.164e-5
-0.206, -2.211e-7, -4.165e-5
-0.205, -4.258e-7, -4.165e-5
-0.204, -1.710e-7, -4.165e-5
-0.203, -4.324e-7, -4.166e-5
-0.202, -2.112e-7, -4.166e-5
-0.201, -4.439e-7, -4.166e-5
-0.200, -2.240e-7, -4.166e-5
-0.199, -4.552e-7, -4.167e-5
-0.198, -2.115e-7, -4.167e-5
-0.197, -4.378e-7, -4.168e-5
-0.196, -2.205e-7, -4.168e-5
-0.195, -4.467e-7, -4.168e-5
-0.194, -1.961e-7, -4.168e-5
-0.193, -4.651e-7, -4.169e-5
-0.192, -2.201e-7, -4.169e-5
-0.191, -4.415e-7, -4.170e-5
-0.190, -2.218e-7, -4.170e-5
-0.189, -4.379e-7, -4.170e-5
-0.188, -2.242e-7, -4.170e-5
-0.187, -4.532e-7, -4.171e-5
-0.186, -2.119e-7, -4.171e-5
-0.185, -4.405e-7, -4.172e-5
-0.184, -2.181e-7, -4.172e-5
-0.183, -4.304e-7, -4.172e-5
-0.182, -2.069e-7, -4.172e-5
-0.181, -4.208e-7, -4.173e-5
-0.180, -2.134e-7, -4.173e-5
-0.179, -4.218e-7, -4.173e-5
-0.178, -1.861e-7, -4.174e-5
-0.177, -4.188e-7, -4.174e-5
-0.176, -1.858e-7, -4.174e-5
-0.175, -4.034e-7, -4.175e-5
-0.174, -1.983e-7, -4.175e-5
-0.173, -3.906e-7, -4.175e-5
-0.172, -1.694e-7, -4.175e-5
-0.171, -3.994e-7, -4.176e-5
-0.170, -1.661e-7, -4.176e-5
-0.169, -3.645e-7, -4.176e-5
-0.168, -1.582e-7, -4.176e-5
-0.167, -3.682e-7, -4.177e-5
-0.166, -1.287e-7, -4.177e-5
-0.165, -3.624e-7, -4.177e-5
-0.164, -1.305e-7, -4.177e-5
-0.163, -3.409e-7, -4.178e-5
-0.162, -1.177e-7, -4.178e-5
-0.161, -3.430e-7, -4.178e-5
-0.160, -1.059e-7, -4.178e-5
-0.159, -3.114e-7, -4.179e-5
-0.158, -1.116e-7, -4.179e-5
-0.157, -3.027e-7, -4.179e-5
-0.156, -6.719e-8, -4.179e-5
-0.155, -2.897e-7, -4.179e-5
-0.154, -5.409e-8, -4.179e-5
-0.153, -2.906e-7, -4.180e-5
-0.152, -4.427e-8, -4.180e-5
-0.151, -2.528e-7, -4.180e-5
-0.150, -2.159e-8, -4.180e-5
-0.149, -2.314e-7, -4.180e-5
-0.148, -2.237e-8, -4.180e-5
-0.147, -2.171e-7, -4.181e-5
-0.146, 1.157e-8, -4.181e-5
-0.145, -2.135e-7, -4.181e-5
-0.144, 3.123e-8, -4.181e-5
-0.143, -1.806e-7, -4.181e-5
-0.142, 2.918e-8, -4.181e-5
-0.141, -1.540e-7, -4.181e-5
-0.140, 6.305e-8, -4.181e-5
-0.139, -1.622e-7, -4.181e-5
-0.138, 7.633e-8, -4.181e-5
-0.137, -1.240e-7, -4.181e-5
-0.136, 9.471e-8, -4.181e-5
-0.135, -1.097e-7, -4.181e-5
-0.134, 1.212e-7, -4.181e-5
-0.133, -8.283e-8, -4.181e-5
-0.132, 1.247e-7, -4.181e-5
-0.131, -6.810e-8, -4.181e-5
-0.130, 1.625e-7, -4.181e-5
-0.129, -4.982e-8, -4.181e-5
-0.128, 1.696e-7, -4.181e-5
-0.127, -1.284e-8, -4.181e-5
-0.126, 1.817e-7, -4.181e-5
-0.125, 2.082e-8, -4.181e-5
-0.124, 2.052e-7, -4.180e-5
-0.123, 3.221e-8, -4.180e-5
-0.122, 2.249e-7, -4.180e-5
-0.121, 6.432e-8, -4.180e-5
-0.120, 2.423e-7, -4.180e-5
-0.119, 8.088e-8, -4.180e-5
-0.118, 2.659e-7, -4.180e-5
-0.117, 1.046e-7, -4.179e-5
-0.116, 2.841e-7, -4.179e-5
-0.115, 1.230e-7, -4.179e-5
-0.114, 3.040e-7, -4.179e-5
-0.113, 1.497e-7, -4.179e-5
-0.112, 3.239e-7, -4.178e-5
-0.111, 1.725e-7, -4.178e-5
-0.110, 3.281e-7, -4.178e-5
-0.109, 1.975e-7, -4.178e-5
-0.108, 3.610e-7, -4.177e-5
-0.107, 2.140e-7, -4.177e-5
-0.106, 3.776e-7, -4.177e-5
-0.105, 2.443e-7, -4.176e-5
-0.104, 3.958e-7, -4.176e-5
-0.103, 2.576e-7, -4.176e-5
-0.102, 3.961e-7, -4.175e-5
-0.101, 2.860e-7, -4.175e-5
-0.100, 4.281e-7, -4.175e-5
-0.099, 3.092e-7, -4.174e-5
-0.098, 4.557e-7, -4.174e-5
-0.097, 3.258e-7, -4.173e-5
-0.096, 4.768e-7, -4.173e-5
-0.095, 3.550e-7, -4.173e-5
-0.094, 4.851e-7, -4.172e-5
-0.093, 3.790e-7, -4.172e-5
-0.092, 5.144e-7, -4.171e-5
-0.091, 3.856e-7, -4.171e-5
-0.090, 5.315e-7, -4.170e-5
-0.089, 4.191e-7, -4.170e-5
-0.088, 5.426e-7, -4.169e-5
-0.087, 4.376e-7, -4.169e-5
-0.086, 5.554e-7, -4.168e-5
-0.085, 4.646e-7, -4.168e-5
-0.084, 5.746e-7, -4.167e-5
-0.083, 4.786e-7, -4.167e-5
-0.082, 5.965e-7, -4.166e-5
-0.081, 4.934e-7, -4.166e-5
-0.080, 6.100e-7, -4.165e-5
-0.079, 5.269e-7, -4.165e-5
-0.078, 6.195e-7, -4.164e-5
-0.077, 5.346e-7, -4.164e-5
-0.076, 6.440e-7, -4.163e-5
-0.075, 5.481e-7, -4.162e-5
-0.074, 6.571e-7, -4.162e-5
-0.073, 5.739e-7, -4.161e-5
-0.072, 6.668e-7, -4.160e-5
-0.071, 5.845e-7, -4.160e-5
-0.070, 6.886e-7, -4.159e-5
-0.069, 6.061e-7, -4.159e-5
-0.068, 6.974e-7, -4.158e-5
-0.067, 6.201e-7, -4.157e-5
-0.066, 7.138e-7, -4.157e-5
-0.065, 6.299e-7, -4.156e-5
-0.064, 7.298e-7, -4.155e-5
-0.063, 6.528e-7, -4.154e-5
-0.062, 7.330e-7, -4.154e-5
-0.061, 6.632e-7, -4.153e-5
-0.060, 7.529e-7, -4.152e-5
-0.059, 6.733e-7, -4.152e-5
-0.058, 7.606e-7, -4.151e-5
-0.057, 6.934e-7, -4.150e-5
-0.056, 7.704e-7, -4.149e-5
-0.055, 7.045e-7, -4.149e-5
-0.054, 7.851e-7, -4.148e-5
-0.053, 7.205e-7, -4.147e-5
-0.052, 7.929e-7, -4.146e-5
-0.051, 7.315e-7, -4.146e-5
-0.050, 8.024e-7, -4.145e-5
-0.049, 7.427e-7, -4.144e-5
-0.048, 8.115e-7, -4.143e-5
-0.047, 7.590e-7, -4.143e-5
-0.046, 8.162e-7, -4.142e-5
-0.045, 7.662e-7, -4.141e-5
-0.044, 8.276e-7, -4.140e-5
-0.043, 7.707e-7, -4.139e-5
-0.042, 8.325e-7, -4.139e-5
-0.041, 7.820e-7, -4.138e-5
-0.040, 8.370e-7, -4.137e-5
-0.039, 7.949e-7, -4.136e-5
-0.038, 8.491e-7, -4.135e-5
-0.037, 7.978e-7, -4.135e-5
-0.036, 8.528e-7, -4.134e-5
-0.035, 8.049e-7, -4.133e-5
-0.034, 8.556e-7, -4.132e-5
-0.033, 8.140e-7, -4.131e-5
-0.032, 8.622e-7, -4.130e-5
-0.031, 8.232e-7, -4.130e-5
-0.030, 8.665e-7, -4.129e-5
-0.029, 8.314e-7, -4.128e-5
-0.028, 8.736e-7, -4.127e-5
-0.027, 8.381e-7, -4.126e-5
-0.026, 8.810e-7, -4.125e-5
-0.025, 8.415e-7, -4.124e-5
-0.024, 8.766e-7, -4.124e-5
-0.023, 8.456e-7, -4.123e-5
-0.022, 8.883e-7, -4.122e-5
-0.021, 8.518e-7, -4.121e-5
-0.020, 8.876e-7, -4.120e-5
-0.019, 8.543e-7, -4.119e-5
-0.018, 8.942e-7, -4.118e-5
-0.017, 8.536e-7, -4.117e-5
-0.016, 8.941e-7, -4.117e-5
-0.015, 8.594e-7, -4.116e-5
-0.014, 8.911e-7, -4.115e-5
-0.013, 8.628e-7, -4.114e-5
-0.012, 8.960e-7, -4.113e-5
-0.011, 8.619e-7, -4.112e-5
-0.010, 8.983e-7, -4.111e-5
-0.009, 8.665e-7, -4.110e-5
-0.008, 8.961e-7, -4.110e-5
-0.007, 8.656e-7, -4.109e-5
-0.006, 8.972e-7, -4.108e-5
-0.005, 8.665e-7, -4.107e-5
-0.004, 8.973e-7, -4.106e-5
-0.003, 8.670e-7, -4.105e-5
-0.002, 8.986e-7, -4.104e-5
-0.001, 8.653e-7, -4.103e-5
0.000, 9.028e-7, -4.102e-5
0.001, 8.672e-7, -4.102e-5
0.002, 8.910e-7, -4.101e-5
0.003, 8.645e-7, -4.100e-5
0.004, 8.933e-7, -4.099e-5
0.005, 8.600e-7, -4.098e-5
0.006, 8.885e-7, -4.097e-5
0.007, 8.598e-7, -4.096e-5
0.008, 8.843e-7, -4.095e-5
0.009, 8.569e-7, -4.095e-5
0.010, 8.813e-7, -4.094e-5
0.011, 8.546e-7, -4.093e-5
0.012, 8.782e-7, -4.092e-5
0.013, 8.500e-7, -4.091e-5
0.014, 8.763e-7, -4.090e-5
0.015, 8.456e-7, -4.089e-5
0.016, 8.712e-7, -4.089e-5
0.017, 8.439e-7, -4.088e-5
0.018, 8.649e-7, -4.087e-5
0.019, 8.397e-7, -4.086e-5
0.020, 8.623e-7, -4.085e-5
0.021, 8.330e-7, -4.084e-5
0.022, 8.555e-7, -4.083e-5
0.023, 8.311e-7, -4.083e-5
0.024, 8.508e-7, -4.082e-5
0.025, 8.246e-7, -4.081e-5
0.026, 8.474e-7, -4.080e-5
0.027, 8.181e-7, -4.079e-5
0.028, 8.384e-7, -4.078e-5
0.029, 8.148e-7, -4.078e-5
0.030, 8.345e-7, -4.077e-5
0.031, 8.084e-7, -4.076e-5
0.032, 8.285e-7, -4.075e-5
0.033, 8.016e-7, -4.074e-5
0.034, 8.190e-7, -4.074e-5
0.035, 7.931e-7, -4.073e-5
0.036, 8.130e-7, -4.072e-5
0.037, 7.837e-7, -4.071e-5
0.038, 8.073e-7, -4.070e-5
0.039, 7.772e-7, -4.070e-5
0.040, 7.982e-7, -4.069e-5
0.041, 7.684e-7, -4.068e-5
0.042, 7.912e-7, -4.067e-5
0.043, 7.621e-7, -4.066e-5
0.044, 7.797e-7, -4.066e-5
0.045, 7.525e-7, -4.065e-5
0.046, 7.714e-7, -4.064e-5
0.047, 7.432e-7, -4.063e-5
0.048, 7.622e-7, -4.063e-5
0.049, 7.373e-7, -4.062e-5
0.050, 7.526e-7, -4.061e-5
0.051, 7.238e-7, -4.060e-5
0.052, 7.428e-7, -4.060e-5
0.053, 7.096e-7, -4.059e-5
0.054, 7.345e-7, -4.058e-5
0.055, 6.991e-7, -4.057e-5
0.056, 7.211e-7, -4.057e-5
0.057, 6.873e-7, -4.056e-5
0.058, 7.074e-7, -4.055e-5
0.059, 6.768e-7, -4.055e-5
0.060, 6.940e-7, -4.054e-5
0.061, 6.653e-7, -4.053e-5
0.062, 6.843e-7, -4.053e-5
0.063, 6.512e-7, -4.052e-5
0.064, 6.713e-7, -4.051e-5
0.065, 6.423e-7, -4.051e-5
0.066, 6.575e-7, -4.050e-5
0.067, 6.305e-7, -4.049e-5
0.068, 6.462e-7, -4.049e-5
0.069, 6.180e-7, -4.048e-5
0.070, 6.354e-7, -4.048e-5
0.071, 6.071e-7, -4.047e-5
0.072, 6.214e-7, -4.046e-5
0.073, 5.934e-7, -4.046e-5
0.074, 6.107e-7, -4.045e-5
0.075, 5.809e-7, -4.044e-5
0.076, 5.964e-7, -4.044e-5
0.077, 5.676e-7, -4.043e-5
0.078, 5.856e-7, -4.043e-5
0.079, 5.512e-7, -4.042e-5
0.080, 5.693e-7, -4.042e-5
0.081, 5.411e-7, -4.041e-5
0.082, 5.533e-7, -4.041e-5
0.083, 5.247e-7, -4.040e-5
0.084, 5.415e-7, -4.039e-5
0.085, 5.148e-7, -4.039e-5
0.086, 5.277e-7, -4.038e-5
0.087, 4.972e-7, -4.038e-5
0.088, 5.132e-7, -4.037e-5
0.089, 4.816e-7, -4.037e-5
0.090, 4.966e-7, -4.036e-5
0.091, 4.658e-7, -4.036e-5
0.092, 4.805e-7, -4.035e-5
0.093, 4.482e-7, -4.035e-5
0.094, 4.644e-7, -4.035e-5
0.095, 4.322e-7, -4.034e-5
0.096, 4.468e-7, -4.034e-5
0.097, 4.199e-7, -4.033e-5
0.098, 4.312e-7, -4.033e-5
0.099, 4.008e-7, -4.032e-5
0.100, 4.184e-7, -4.032e-5
0.101, 3.822e-7, -4.032e-5
0.102, 3.985e-7, -4.031e-5
0.103, 3.636e-7, -4.031e-5
0.104, 3.793e-7, -4.031e-5
0.105, 3.477e-7, -4.030e-5
0.106, 3.641e-7, -4.030e-5
0.107, 3.288e-7, -4.029e-5
0.108, 3.453e-7, -4.029e-5
0.109, 3.141e-7, -4.029e-5
0.110, 3.260e-7, -4.028e-5
0.111, 2.933e-7, -4.028e-5
0.112, 3.085e-7, -4.028e-5
0.113, 2.752e-7, -4.028e-5
0.114, 2.884e-7, -4.027e-5
0.115, 2.538e-7, -4.027e-5
0.116, 2.689e-7, -4.027e-5
0.117, 2.333e-7, -4.027e-5
0.118, 2.487e-7, -4.026e-5
0.119, 2.172e-7, -4.026e-5
0.120, 2.289e-7, -4.026e-5
0.121, 1.983e-7, -4.026e-5
0.122, 2.099e-7, -4.025e-5
0.123, 1.760e-7, -4.025e-5
0.124, 1.902e-7, -4.025e-5
0.125, 1.548e-7, -4.025e-5
0.126, 1.705e-7, -4.025e-5
0.127, 1.329e-7, -4.025e-5
0.128, 1.496e-7, -4.024e-5
0.129, 1.166e-7, -4.024e-5
0.130, 1.276e-7, -4.024e-5
0.131, 9.152e-8, -4.024e-5
0.132, 1.080e-7, -4.024e-5
0.133, 6.975e-8, -4.024e-5
0.134, 8.392e-8, -4.024e-5
0.135, 5.102e-8, -4.024e-5
0.136, 6.247e-8, -4.024e-5
0.137, 2.789e-8, -4.024e-5
0.138, 4.167e-8, -4.024e-5
0.139, 5.557e-9, -4.024e-5
0.140, 1.724e-8, -4.024e-5
0.141, -1.678e-8, -4.024e-5
0.142, -1.954e-9, -4.024e-5
0.143, -6.170e-8, -4.024e-5
0.144, -3.154e-8, -4.024e-5
0.145, -8.365e-8, -4.024e-5
0.146, -7.075e-8, -4.024e-5
0.147, -1.057e-7, -4.024e-5
0.148, -9.108e-8, -4.024e-5
0.149, -1.323e-7, -4.024e-5
0.150, -1.156e-7, -4.024e-5
0.151, -1.510e-7, -4.025e-5
0.152, -1.404e-7, -4.025e-5
0.153, -1.749e-7, -4.025e-5
0.154, -1.632e-7, -4.025e-5
0.155, -1.970e-7, -4.025e-5
0.156, -1.857e-7, -4.025e-5
0.157, -2.198e-7, -4.026e-5
0.158, -2.081e-7, -4.026e-5
0.159, -2.433e-7, -4.026e-5
0.160, -2.338e-7, -4.026e-5
0.161, -2.675e-7, -4.027e-5
0.162, -2.569e-7, -4.027e-5
0.163, -2.907e-7, -4.027e-5
0.164, -2.799e-7, -4.027e-5
0.165, -3.171e-7, -4.028e-5
0.166, -3.035e-7, -4.028e-5
0.167, -3.374e-7, -4.028e-5
0.168, -3.289e-7, -4.029e-5
0.169, -3.635e-7, -4.029e-5
0.170, -3.503e-7, -4.029e-5
0.171, -3.861e-7, -4.030e-5
0.172, -3.750e-7, -4.030e-5
0.173, -4.107e-7, -4.031e-5
0.174, -3.975e-7, -4.031e-5
0.175, -4.347e-7, -4.031e-5
0.176, -4.237e-7, -4.032e-5
0.177, -4.574e-7, -4.032e-5
0.178, -4.460e-7, -4.033e-5
0.179, -4.820e-7, -4.033e-5
0.180, -4.692e-7, -4.034e-5
0.181, -5.070e-7, -4.034e-5
0.182, -4.924e-7, -4.035e-5
0.183, -5.297e-7, -4.035e-5
0.184, -5.185e-7, -4.036e-5
0.185, -5.541e-7, -4.036e-5
0.186, -5.417e-7, -4.037e-5
0.187, -5.781e-7, -4.037e-5
0.188, -5.683e-7, -4.038e-5
0.189, -6.015e-7, -4.039e-5
0.190, -5.874e-7, -4.039e-5
0.191, -6.275e-7, -4.040e-5
0.192, -6.136e-7, -4.040e-5
0.193, -6.500e-7, -4.041e-5
0.194, -6.375e-7, -4.042e-5
0.195, -6.753e-7, -4.042e-5
0.196, -6.606e-7, -4.043e-5
0.197, -7.001e-7, -4.044e-5
0.198, -6.867e-7, -4.044e-5
0.199, -7.242e-7, -4.045e-5
0.200, -7.110e-7, -4.046e-5
0.201, -7.484e-7, -4.047e-5
0.202, -7.330e-7, -4.047e-5
0.203, -7.725e-7, -4.048e-5
0.204, -7.596e-7, -4.049e-5
0.205, -7.936e-7, -4.050e-5
0.206, -7.800e-7, -4.050e-5
0.207, -8.209e-7, -4.051e-5
0.208, -8.049e-7, -4.052e-5
0.209, -8.461e-7, -4.053e-5
0.210, -8.314e-7, -4.054e-5
0.211, -8.724e-7, -4.055e-5
0.212, -8.631e-7, -4.055e-5
0.213, -9.029e-7, -4.056e-5
0.214, -8.878e-7, -4.057e-5
0.215, -9.234e-7, -4.058e-5
0.216, -9.170e-7, -4.059e-5
0.217, -9.496e-7, -4.060e-5
0.218, -9.392e-7, -4.061e-5
0.219, -9.723e-7, -4.062e-5
0.220, -9.652e-7, -4.063e-5
0.221, -9.984e-7, -4.064e-5
0.222, -9.870e-7, -4.065e-5
0.223, -1.023e-6, -4.066e-5
0.224, -1.014e-6, -4.067e-5
0.225, -1.047e-6, -4.068e-5
0.226, -1.040e-6, -4.069e-5
0.227, -1.072e-6, -4.070e-5
0.228, -1.064e-6, -4.071e-5
0.229, -1.102e-6, -4.072e-5
0.230, -1.089e-6, -4.073e-5
0.231, -1.124e-6, -4.074e-5
0.232, -1.116e-6, -4.076e-5
0.233, -1.152e-6, -4.077e-5
0.234, -1.140e-6, -4.078e-5
0.235, -1.174e-6, -4.079e-5
0.236, -1.165e-6, -4.080e-5
0.237, -1.201e-6, -4.081e-5
0.238, -1.190e-6, -4.083e-5
0.239, -1.226e-6, -4.084e-5
0.240, -1.215e-6, -4.085e-5
0.241, -1.252e-6, -4.086e-5
0.242, -1.242e-6, -4.088e-5
0.243, -1.278e-6, -4.089e-5
0.244, -1.265e-6, -4.090e-5
0.245, -1.306e-6, -4.091e-5
0.246, -1.294e-6, -4.093e-5
0.247, -1.330e-6, -4.094e-5
0.248, -1.319e-6, -4.095e-5
0.249, -1.357e-6, -4.097e-5
0.250, -1.347e-6, -4.098e-5
0.251, -1.381e-6, -4.099e-5
0.252, -1.372e-6, -4.101e-5
0.253, -1.407e-6, -4.102e-5
0.254, -1.400e-6, -4.104e-5
0.255, -1.435e-6, -4.105e-5
0.256, -1.425e-6, -4.106e-5
0.257, -1.460e-6, -4.108e-5
0.258, -1.455e-6, -4.109e-5
0.259, -1.488e-6, -4.111e-5
0.260, -1.479e-6, -4.112e-5
0.261, -1.516e-6, -4.114e-5
0.262, -1.506e-6, -4.115e-5
0.263, -1.542e-6, -4.117e-5
0.264, -1.534e-6, -4.118e-5
0.265, -1.569e-6, -4.120e-5
0.266, -1.559e-6, -4.122e-5
0.267, -1.597e-6, -4.123e-5
0.268, -1.588e-6, -4.125e-5
0.269, -1.628e-6, -4.126e-5
0.270, -1.617e-6, -4.128e-5
0.271, -1.658e-6, -4.130e-5
0.272, -1.652e-6, -4.131e-5
0.273, -1.689e-6, -4.133e-5
0.274, -1.681e-6, -4.135e-5
0.275, -1.716e-6, -4.136e-5
0.276, -1.707e-6, -4.138e-5
0.277, -1.746e-6, -4.140e-5
0.278, -1.738e-6, -4.142e-5
0.279, -1.771e-6, -4.143e-5
0.280, -1.766e-6, -4.145e-5
0.281, -1.802e-6, -4.147e-5
0.282, -1.798e-6, -4.149e-5
0.283, -1.831e-6, -4.151e-5
0.284, -1.825e-6, -4.152e-5
0.285, -1.860e-6, -4.154e-5
0.286, -1.853e-6, -4.156e-5
0.287, -1.893e-6, -4.158e-5
0.288, -1.888e-6, -4.160e-5
0.289, -1.920e-6, -4.162e-5
0.290, -1.919e-6, -4.164e-5
0.291, -1.951e-6, -4.166e-5
0.292, -1.947e-6, -4.168e-5
0.293, -1.985e-6, -4.170e-5
0.294, -1.979e-6, -4.172e-5
0.295, -2.014e-6, -4.174e-5
0.296, -2.013e-6, -4.176e-5
0.297, -2.046e-6, -4.178e-5
0.298, -2.044e-6, -4.180e-5
0.299, -2.081e-6, -4.182e-5
0.300, -2.077e-6, -4.184e-5
0.301, -2.113e-6, -4.186e-5
0.302, -2.113e-6, -4.188e-5
0.303, -2.147e-6, -4.190e-5
0.304, -2.144e-6, -4.192e-5
0.305, -2.183e-6, -4.195e-5
0.306, -2.184e-6, -4.197e-5
0.307, -2.218e-6, -4.199e-5
0.308, -2.218e-6, -4.201e-5
0.309, -2.256e-6, -4.203e-5
0.310, -2.257e-6, -4.206e-5
0.311, -2.290e-6, -4.208e-5
0.312, -2.291e-6, -4.210e-5
0.313, -2.331e-6, -4.213e-5
0.314, -2.333e-6, -4.215e-5
0.315, -2.369e-6, -4.217e-5
0.316, -2.370e-6, -4.220e-5
0.317, -2.411e-6, -4.222e-5
0.318, -2.416e-6, -4.225e-5
0.319, -2.458e-6, -4.227e-5
0.320, -2.460e-6, -4.229e-5
0.321, -2.499e-6, -4.232e-5
0.322, -2.505e-6, -4.234e-5
0.323, -2.540e-6, -4.237e-5
0.324, -2.545e-6, -4.240e-5
0.325, -2.587e-6, -4.242e-5
0.326, -2.593e-6, -4.245e-5
0.327, -2.632e-6, -4.247e-5
0.328, -2.638e-6, -4.250e-5
0.329, -2.681e-6, -4.253e-5
0.330, -2.686e-6, -4.255e-5
0.331, -2.728e-6, -4.258e-5
0.332, -2.737e-6, -4.261e-5
0.333, -2.779e-6, -4.264e-5
0.334, -2.787e-6, -4.266e-5
0.335, -2.831e-6, -4.269e-5
0.336, -2.843e-6, -4.272e-5
0.337, -2.885e-6, -4.275e-5
0.338, -2.898e-6, -4.278e-5
0.339, -2.939e-6, -4.281e-5
0.340, -2.952e-6, -4.284e-5
0.341, -2.999e-6, -4.287e-5
0.342, -3.014e-6, -4.290e-5
0.343, -3.059e-6, -4.293e-5
0.344, -3.072e-6, -4.296e-5
0.345, -3.119e-6, -4.299e-5
0.346, -3.136e-6, -4.302e-5
0.347, -3.187e-6, -4.305e-5
0.348, -3.214e-6, -4.309e-5
0.349, -3.261e-6, -4.312e-5
0.350, -3.279e-6, -4.315e-5
0.351, -3.329e-6, -4.318e-5
0.352, -3.350e-6, -4.322e-5
0.353, -3.398e-6, -4.325e-5
0.354, -3.421e-6, -4.329e-5
0.355, -3.474e-6, -4.332e-5
0.356, -3.495e-6, -4.336e-5
0.357, -3.550e-6, -4.339e-5
0.358, -3.573e-6, -4.343e-5
0.359, -3.628e-6, -4.346e-5
0.360, -3.655e-6, -4.350e-5
0.361, -3.710e-6, -4.354e-5
0.362, -3.737e-6, -4.357e-5
0.363, -3.793e-6, -4.361e-5
0.364, -3.824e-6, -4.365e-5
0.365, -3.882e-6, -4.369e-5
0.366, -3.911e-6, -4.373e-5
0.367, -3.977e-6, -4.377e-5
0.368, -4.010e-6, -4.381e-5
0.369, -4.073e-6, -4.385e-5
0.370, -4.107e-6, -4.389e-5
0.371, -4.169e-6, -4.393e-5
0.372, -4.203e-6, -4.397e-5
0.373, -4.271e-6, -4.402e-5
0.374, -4.307e-6, -4.406e-5
0.375, -4.373e-6, -4.410e-5
0.376, -4.414e-6, -4.415e-5
0.377, -4.481e-6, -4.419e-5
0.378, -4.522e-6, -4.424e-5
0.379, -4.590e-6, -4.428e-5
0.380, -4.634e-6, -4.433e-5
0.381, -4.703e-6, -4.438e-5
0.382, -4.750e-6, -4.442e-5
0.383, -4.830e-6, -4.447e-5
0.384, -4.874e-6, -4.452e-5
0.385, -4.947e-6, -4.457e-5
0.386, -4.997e-6, -4.462e-5
0.387, -5.070e-6, -4.467e-5
0.388, -5.119e-6, -4.472e-5
0.389, -5.196e-6, -4.477e-5
0.390, -5.247e-6, -4.483e-5
0.391, -5.322e-6, -4.488e-5
0.392, -5.375e-6, -4.493e-5
0.393, -5.453e-6, -4.499e-5
0.394, -5.505e-6, -4.504e-5
0.395, -5.592e-6, -4.510e-5
0.396, -5.647e-6, -4.516e-5
0.397, -5.725e-6, -4.521e-5
0.398, -5.781e-6, -4.527e-5
0.399, -5.860e-6, -4.533e-5
0.400, -5.913e-6, -4.539e-5
0.401, -5.994e-6, -4.545e-5
0.402, -6.050e-6, -4.551e-5
0.403, -6.129e-6, -4.557e-5
0.404, -6.183e-6, -4.563e-5
0.405, -6.265e-6, -4.569e-5
0.406, -6.315e-6, -4.576e-5
0.407, -6.388e-6, -4.582e-5
0.408, -6.440e-6, -4.589e-5
0.409, -6.520e-6, -4.595e-5
0.410, -6.561e-6, -4.602e-5
0.411, -6.643e-6, -4.608e-5
0.412, -6.695e-6, -4.615e-5
0.413, -6.774e-6, -4.622e-5
0.414, -6.823e-6, -4.629e-5
0.415, -6.900e-6, -4.635e-5
0.416, -6.949e-6, -4.642e-5
0.417, -7.024e-6, -4.649e-5
0.418, -7.074e-6, -4.657e-5
0.419, -7.154e-6, -4.664e-5
0.420, -7.199e-6, -4.671e-5
0.421, -7.275e-6, -4.678e-5
0.422, -7.318e-6, -4.685e-5
0.423, -7.392e-6, -4.693e-5
0.424, -7.436e-6, -4.700e-5
0.425, -7.507e-6, -4.708e-5
0.426, -7.551e-6, -4.715e-5
0.427, -7.621e-6, -4.723e-5
0.428, -7.663e-6, -4.731e-5
0.429, -7.733e-6, -4.738e-5
0.430, -7.772e-6, -4.746e-5
0.431, -7.845e-6, -4.754e-5
0.432, -7.889e-6, -4.762e-5
0.433, -7.961e-6, -4.770e-5
0.434, -8.001e-6, -4.778e-5
0.435, -8.069e-6, -4.786e-5
0.436, -8.105e-6, -4.794e-5
0.437, -8.178e-6, -4.802e-5
0.438, -8.213e-6, -4.810e-5
0.439, -8.281e-6, -4.819e-5
0.440, -8.319e-6, -4.827e-5
0.441, -8.387e-6, -4.835e-5
0.442, -8.419e-6, -4.844e-5
0.443, -8.487e-6, -4.852e-5
0.444, -8.522e-6, -4.861e-5
0.445, -8.587e-6, -4.869e-5
0.446, -8.617e-6, -4.878e-5
0.447, -8.693e-6, -4.887e-5
0.448, -8.724e-6, -4.895e-5
0.449, -8.783e-6, -4.904e-5
0.450, -8.812e-6, -4.913e-5
0.451, -8.871e-6, -4.922e-5
0.452, -8.891e-6, -4.931e-5
0.453, -8.953e-6, -4.940e-5
0.454, -8.971e-6, -4.949e-5
0.455, -9.024e-6, -4.958e-5
0.456, -9.035e-6, -4.967e-5
0.457, -9.088e-6, -4.976e-5
0.458, -9.093e-6, -4.985e-5
0.459, -9.140e-6, -4.994e-5
0.460, -9.141e-6, -5.003e-5
0.461, -9.185e-6, -5.012e-5
0.462, -9.178e-6, -5.022e-5
0.463, -9.217e-6, -5.031e-5
0.464, -9.206e-6, -5.040e-5
0.465, -9.237e-6, -5.049e-5
0.466, -9.226e-6, -5.059e-5
0.467, -9.254e-6, -5.068e-5
0.468, -9.229e-6, -5.077e-5
0.469, -9.260e-6, -5.086e-5
0.470, -9.233e-6, -5.095e-5
0.471, -9.257e-6, -5.105e-5
0.472, -9.227e-6, -5.114e-5
0.473, -9.248e-6, -5.123e-5
0.474, -9.213e-6, -5.132e-5
0.475, -9.230e-6, -5.142e-5
0.476, -9.198e-6, -5.151e-5
0.477, -9.215e-6, -5.160e-5
0.478, -9.174e-6, -5.169e-5
0.479, -9.194e-6, -5.178e-5
0.480, -9.152e-6, -5.188e-5
0.481, -9.167e-6, -5.197e-5
0.482, -9.126e-6, -5.206e-5
0.483, -9.136e-6, -5.215e-5
0.484, -9.088e-6, -5.224e-5
0.485, -9.106e-6, -5.233e-5
0.486, -9.054e-6, -5.242e-5
0.487, -9.064e-6, -5.251e-5
0.488, -9.015e-6, -5.260e-5
0.489, -9.023e-6, -5.269e-5
0.490, -8.971e-6, -5.278e-5
0.491, -8.974e-6, -5.287e-5
0.492, -8.924e-6, -5.296e-5
0.493, -8.925e-6, -5.305e-5
0.494, -8.864e-6, -5.314e-5
0.495, -8.867e-6, -5.323e-5
0.496, -8.806e-6, -5.332e-5
0.497, -8.799e-6, -5.341e-5
0.498, -8.742e-6, -5.349e-5
0.499, -8.734e-6, -5.358e-5
0.500, -8.658e-6, -5.367e-5
0.501, -8.654e-6, -5.375e-5
0.502, -8.578e-6, -5.384e-5
0.503, -8.562e-6, -5.392e-5
0.504, -8.495e-6, -5.401e-5
0.505, -8.480e-6, -5.409e-5
0.506, -8.405e-6, -5.418e-5
0.507, -8.386e-6, -5.426e-5
0.508, -8.311e-6, -5.435e-5
0.509, -8.286e-6, -5.443e-5
0.510, -8.210e-6, -5.451e-5
0.511, -8.188e-6, -5.459e-5
0.512, -8.110e-6, -5.467e-5
0.513, -8.083e-6, -5.475e-5
0.514, -8.006e-6, -5.483e-5
0.515, -7.972e-6, -5.491e-5
0.516, -7.886e-6, -5.499e-5
0.517, -7.856e-6, -5.507e-5
0.518, -7.774e-6, -5.515e-5
0.519, -7.747e-6, -5.523e-5
0.520, -7.665e-6, -5.530e-5
0.521, -7.631e-6, -5.538e-5
0.522, -7.550e-6, -5.545e-5
0.523, -7.519e-6, -5.553e-5
0.524, -7.441e-6, -5.560e-5
0.525, -7.408e-6, -5.568e-5
0.526, -7.325e-6, -5.575e-5
0.527, -7.299e-6, -5.582e-5
0.528, -7.216e-6, -5.590e-5
0.529, -7.187e-6, -5.597e-5
0.530, -7.111e-6, -5.604e-5
0.531, -7.071e-6, -5.611e-5
0.532, -6.996e-6, -5.618e-5
0.533, -6.969e-6, -5.625e-5
0.534, -6.888e-6, -5.632e-5
0.535, -6.860e-6, -5.639e-5
0.536, -6.782e-6, -5.646e-5
0.537, -6.759e-6, -5.652e-5
0.538, -6.683e-6, -5.659e-5
0.539, -6.654e-6, -5.666e-5
0.540, -6.583e-6, -5.672e-5
0.541, -6.556e-6, -5.679e-5
0.542, -6.487e-6, -5.685e-5
0.543, -6.462e-6, -5.692e-5
0.544, -6.389e-6, -5.698e-5
0.545, -6.362e-6, -5.704e-5
0.546, -6.304e-6, -5.711e-5
0.547, -6.279e-6, -5.717e-5
0.548, -6.211e-6, -5.723e-5
0.549, -6.189e-6, -5.729e-5
0.550, -6.119e-6, -5.736e-5
0.551, -6.096e-6, -5.742e-5
0.552, -6.033e-6, -5.748e-5
0.553, -6.010e-6, -5.754e-5
0.554, -5.944e-6, -5.760e-5
0.555, -5.923e-6, -5.766e-5
0.556, -5.861e-6, -5.771e-5
0.557, -5.840e-6, -5.777e-5
0.558, -5.778e-6, -5.783e-5
0.559, -5.758e-6, -5.789e-5
0.560, -5.697e-6, -5.795e-5
0.561, -5.672e-6, -5.800e-5
0.562, -5.622e-6, -5.806e-5
0.563, -5.598e-6, -5.811e-5
0.564, -5.537e-6, -5.817e-5
0.565, -5.514e-6, -5.822e-5
0.566, -5.457e-6, -5.828e-5
0.567, -5.434e-6, -5.833e-5
0.568, -5.382e-6, -5.839e-5
0.569, -5.361e-6, -5.844e-5
0.570, -5.308e-6, -5.849e-5
0.571, -5.289e-6, -5.855e-5
0.572, -5.241e-6, -5.860e-5
0.573, -5.221e-6, -5.865e-5
0.574, -5.167e-6, -5.870e-5
0.575, -5.154e-6, -5.875e-5
0.576, -5.102e-6, -5.881e-5
0.577, -5.083e-6, -5.886e-5
0.578, -5.039e-6, -5.891e-5
0.579, -5.018e-6, -5.896e-5
0.580, -4.968e-6, -5.901e-5
0.581, -4.957e-6, -5.906e-5
0.582, -4.906e-6, -5.911e-5
0.583, -4.891e-6, -5.915e-5
0.584, -4.849e-6, -5.920e-5
0.585, -4.830e-6, -5.925e-5
0.586, -4.783e-6, -5.930e-5
0.587, -4.763e-6, -5.935e-5
0.588, -4.723e-6, -5.939e-5
0.589, -4.701e-6, -5.944e-5
0.590, -4.659e-6, -5.949e-5
0.591, -4.647e-6, -5.953e-5
0.592, -4.603e-6, -5.958e-5
0.593, -4.587e-6, -5.963e-5
0.594, -4.555e-6, -5.967e-5
0.595, -4.531e-6, -5.972e-5
0.596, -4.494e-6, -5.976e-5
0.597, -4.481e-6, -5.981e-5
0.598, -4.443e-6, -5.985e-5
0.599, -4.425e-6, -5.990e-5
0.600, -4.387e-6, -5.994e-5
0.601, -4.371e-6, -5.998e-5
0.602, -4.333e-6, -6.003e-5
0.603, -4.316e-6, -6.007e-5
0.604, -4.284e-6, -6.011e-5
0.605, -4.268e-6, -6.015e-5
0.606, -4.233e-6, -6.020e-5
0.607, -4.223e-6, -6.024e-5
0.608, -4.186e-6, -6.028e-5
0.609, -4.169e-6, -6.032e-5
0.610, -4.141e-6, -6.036e-5
0.611, -4.123e-6, -6.041e-5
0.612, -4.092e-6, -6.045e-5
0.613, -4.080e-6, -6.049e-5
0.614, -4.046e-6, -6.053e-5
0.615, -4.020e-6, -6.057e-5
0.616, -3.994e-6, -6.061e-5
0.617, -3.978e-6, -6.065e-5
0.618, -3.947e-6, -6.069e-5
0.619, -3.929e-6, -6.073e-5
0.620, -3.904e-6, -6.077e-5
0.621, -3.886e-6, -6.080e-5
0.622, -3.859e-6, -6.084e-5
0.623, -3.847e-6, -6.088e-5
0.624, -3.817e-6, -6.092e-5
0.625, -3.799e-6, -6.096e-5
0.626, -3.777e-6, -6.100e-5
0.627, -3.758e-6, -6.103e-5
0.628, -3.734e-6, -6.107e-5
0.629, -3.724e-6, -6.111e-5
0.630, -3.695e-6, -6.114e-5
0.631, -3.679e-6, -6.118e-5
0.632, -3.661e-6, -6.122e-5
0.633, -3.642e-6, -6.125e-5
0.634, -3.620e-6, -6.129e-5
0.635, -3.605e-6, -6.133e-5
0.636, -3.584e-6, -6.136e-5
0.637, -3.568e-6, -6.140e-5
0.638, -3.544e-6, -6.143e-5
0.639, -3.534e-6, -6.147e-5
0.640, -3.509e-6, -6.150e-5
0.641, -3.491e-6, -6.154e-5
0.642, -3.477e-6, -6.157e-5
0.643, -3.458e-6, -6.161e-5
0.644, -3.440e-6, -6.164e-5
0.645, -3.427e-6, -6.168e-5
0.646, -3.406e-6, -6.171e-5
0.647, -3.391e-6, -6.174e-5
0.648, -3.373e-6, -6.178e-5
0.649, -3.360e-6, -6.181e-5
0.650, -3.339e-6, -6.185e-5
0.651, -3.322e-6, -6.188e-5
0.652, -3.311e-6, -6.191e-5
0.653, -3.292e-6, -6.194e-5
0.654, -3.278e-6, -6.198e-5
0.655, -3.262e-6, -6.201e-5
0.656, -3.246e-6, -6.204e-5
0.657, -3.228e-6, -6.207e-5
0.658, -3.218e-6, -6.211e-5
0.659, -3.195e-6, -6.214e-5
0.660, -3.176e-6, -6.217e-5
0.661, -3.161e-6, -6.220e-5
0.662, -3.144e-6, -6.223e-5
0.663, -3.129e-6, -6.227e-5
0.664, -3.118e-6, -6.230e-5
0.665, -3.100e-6, -6.233e-5
0.666, -3.090e-6, -6.236e-5
0.667, -3.072e-6, -6.239e-5
0.668, -3.067e-6, -6.242e-5
0.669, -3.044e-6, -6.245e-5
0.670, -3.034e-6, -6.248e-5
0.671, -3.023e-6, -6.251e-5
0.672, -3.011e-6, -6.254e-5
0.673, -2.997e-6, -6.257e-5
0.674, -2.991e-6, -6.260e-5
0.675, -2.972e-6, -6.263e-5
0.676, -2.962e-6, -6.266e-5
0.677, -2.949e-6, -6.269e-5
0.678, -2.937e-6, -6.272e-5
0.679, -2.923e-6, -6.275e-5
0.680, -2.914e-6, -6.278e-5
0.681, -2.900e-6, -6.281e-5
0.682, -2.890e-6, -6.284e-5
0.683, -2.876e-6, -6.286e-5
0.684, -2.872e-6, -6.289e-5
0.685, -2.851e-6, -6.292e-5
0.686, -2.846e-6, -6.295e-5
0.687, -2.838e-6, -6.298e-5
0.688, -2.830e-6, -6.301e-5
0.689, -2.813e-6, -6.303e-5
0.690, -2.812e-6, -6.306e-5
0.691, -2.792e-6, -6.309e-5
0.692, -2.788e-6, -6.312e-5
0.693, -2.777e-6, -6.315e-5
0.694, -2.772e-6, -6.317e-5
0.695, -2.753e-6, -6.320e-5
0.696, -2.753e-6, -6.323e-5
0.697, -2.736e-6, -6.326e-5
0.698, -2.733e-6, -6.328e-5
0.699, -2.718e-6, -6.331e-5
0.700, -2.720e-6, -6.334e-5
0.701, -2.702e-6, -6.336e-5
0.702, -2.699e-6, -6.339e-5
0.703, -2.691e-6, -6.342e-5
0.704, -2.685e-6, -6.345e-5
0.705, -2.669e-6, -6.347e-5
0.706, -2.673e-6, -6.350e-5
0.707, -2.655e-6, -6.353e-5
0.708, -2.652e-6, -6.355e-5
0.709, -2.643e-6, -6.358e-5
0.710, -2.640e-6, -6.360e-5
0.711, -2.622e-6, -6.363e-5
0.712, -2.626e-6, -6.366e-5
0.713, -2.611e-6, -6.368e-5
0.714, -2.610e-6, -6.371e-5
0.715, -2.596e-6, -6.374e-5
0.716, -2.603e-6, -6.376e-5
0.717, -2.596e-6, -6.379e-5
0.718, -2.592e-6, -6.381e-5
0.719, -2.579e-6, -6.384e-5
0.720, -2.579e-6, -6.387e-5
0.721, -2.561e-6, -6.389e-5
0.722, -2.571e-6, -6.392e-5
0.723, -2.553e-6, -6.394e-5
0.724, -2.555e-6, -6.397e-5
0.725, -2.545e-6, -6.399e-5
0.726, -2.547e-6, -6.402e-5
0.727, -2.530e-6, -6.404e-5
0.728, -2.536e-6, -6.407e-5
0.729, -2.523e-6, -6.409e-5
0.730, -2.526e-6, -6.412e-5
0.731, -2.513e-6, -6.414e-5
0.732, -2.520e-6, -6.417e-5
0.733, -2.505e-6, -6.419e-5
0.734, -2.510e-6, -6.422e-5
0.735, -2.500e-6, -6.425e-5
0.736, -2.504e-6, -6.427e-5
0.737, -2.490e-6, -6.430e-5
0.738, -2.501e-6, -6.432e-5
0.739, -2.482e-6, -6.434e-5
0.740, -2.491e-6, -6.437e-5
0.741, -2.479e-6, -6.439e-5
0.742, -2.485e-6, -6.442e-5
0.743, -2.471e-6, -6.444e-5
0.744, -2.479e-6, -6.447e-5
0.745, -2.465e-6, -6.449e-5
0.746, -2.471e-6, -6.452e-5
0.747, -2.458e-6, -6.454e-5
0.748, -2.470e-6, -6.457e-5
0.749, -2.457e-6, -6.459e-5
0.750, -2.463e-6, -6.462e-5
0.751, -2.453e-6, -6.464e-5
0.752, -2.462e-6, -6.467e-5
0.753, -2.448e-6, -6.469e-5
0.754, -2.462e-6, -6.472e-5
0.755, -2.446e-6, -6.474e-5
0.756, -2.453e-6, -6.476e-5
0.757, -2.446e-6, -6.479e-5
0.758, -2.454e-6, -6.481e-5
0.759, -2.438e-6, -6.484e-5
0.760, -2.455e-6, -6.486e-5
0.761, -2.440e-6, -6.489e-5
0.762, -2.452e-6, -6.491e-5
0.763, -2.437e-6, -6.494e-5
0.764, -2.453e-6, -6.496e-5
0.765, -2.437e-6, -6.498e-5
0.766, -2.450e-6, -6.501e-5
0.767, -2.440e-6, -6.503e-5
0.768, -2.454e-6, -6.506e-5
0.769, -2.438e-6, -6.508e-5
0.770, -2.457e-6, -6.511e-5
0.771, -2.442e-6, -6.513e-5
0.772, -2.455e-6, -6.516e-5
0.773, -2.445e-6, -6.518e-5
0.774, -2.457e-6, -6.520e-5
0.775, -2.445e-6, -6.523e-5
0.776, -2.462e-6, -6.525e-5
0.777, -2.448e-6, -6.528e-5
0.778, -2.461e-6, -6.530e-5
0.779, -2.452e-6, -6.533e-5
0.780, -2.468e-6, -6.535e-5
0.781, -2.455e-6, -6.538e-5
0.782, -2.470e-6, -6.540e-5
0.783, -2.463e-6, -6.543e-5
0.784, -2.477e-6, -6.545e-5
0.785, -2.465e-6, -6.548e-5
0.786, -2.487e-6, -6.550e-5
0.787, -2.470e-6, -6.552e-5
0.788, -2.489e-6, -6.555e-5
0.789, -2.482e-6, -6.557e-5
0.790, -2.493e-6, -6.560e-5
0.791, -2.483e-6, -6.562e-5
0.792, -2.505e-6, -6.565e-5
0.793, -2.490e-6, -6.567e-5
0.794, -2.509e-6, -6.570e-5
0.795, -2.499e-6, -6.572e-5
0.796, -2.517e-6, -6.575e-5
0.797, -2.506e-6, -6.577e-5
0.798, -2.526e-6, -6.580e-5
0.799, -2.518e-6, -6.582e-5
0.800, -2.535e-6, -6.585e-5
0.801, -2.525e-6, -6.588e-5
0.802, -2.548e-6, -6.590e-5
0.803, -2.533e-6, -6.593e-5
0.804, -2.553e-6, -6.595e-5
0.805, -2.548e-6, -6.598e-5
0.806, -2.565e-6, -6.600e-5
0.807, -2.554e-6, -6.603e-5
0.808, -2.578e-6, -6.605e-5
0.809, -2.567e-6, -6.608e-5
0.810, -2.588e-6, -6.611e-5
0.811, -2.578e-6, -6.613e-5
0.812, -2.603e-6, -6.616e-5
0.813, -2.590e-6, -6.618e-5
0.814, -2.611e-6, -6.621e-5
0.815, -2.606e-6, -6.624e-5
0.816, -2.629e-6, -6.626e-5
0.817, -2.615e-6, -6.629e-5
0.818, -2.644e-6, -6.631e-5
0.819, -2.625e-6, -6.634e-5
0.820, -2.643e-6, -6.637e-5
0.821, -2.643e-6, -6.639e-5
0.822, -2.667e-6, -6.642e-5
0.823, -2.658e-6, -6.645e-5
0.824, -2.686e-6, -6.647e-5
0.825, -2.674e-6, -6.650e-5
0.826, -2.698e-6, -6.653e-5
0.827, -2.690e-6, -6.655e-5
0.828, -2.716e-6, -6.658e-5
0.829, -2.705e-6, -6.661e-5
0.830, -2.731e-6, -6.664e-5
0.831, -2.728e-6, -6.666e-5
0.832, -2.751e-6, -6.669e-5
0.833, -2.742e-6, -6.672e-5
0.834, -2.773e-6, -6.675e-5
0.835, -2.760e-6, -6.677e-5
0.836, -2.789e-6, -6.680e-5
0.837, -2.782e-6, -6.683e-5
0.838, -2.807e-6, -6.686e-5
0.839, -2.799e-6, -6.689e-5
0.840, -2.828e-6, -6.691e-5
0.841, -2.818e-6, -6.694e-5
0.842, -2.848e-6, -6.697e-5
0.843, -2.839e-6, -6.700e-5
0.844, -2.870e-6, -6.703e-5
0.845, -2.860e-6, -6.706e-5
0.846, -2.889e-6, -6.708e-5
0.847, -2.885e-6, -6.711e-5
0.848, -2.912e-6, -6.714e-5
0.849, -2.902e-6, -6.717e-5
0.850, -2.936e-6, -6.720e-5
0.851, -2.925e-6, -6.723e-5
0.852, -2.956e-6, -6.726e-5
0.853, -2.950e-6, -6.729e-5
0.854, -2.980e-6, -6.732e-5
0.855, -2.971e-6, -6.735e-5
0.856, -3.005e-6, -6.738e-5
0.857, -2.996e-6, -6.741e-5
0.858, -3.027e-6, -6.744e-5
0.859, -3.020e-6, -6.747e-5
0.860, -3.053e-6, -6.750e-5
0.861, -3.046e-6, -6.753e-5
0.862, -3.078e-6, -6.756e-5
0.863, -3.073e-6, -6.759e-5
0.864, -3.104e-6, -6.762e-5
0.865, -3.093e-6, -6.765e-5
0.866, -3.131e-6, -6.769e-5
0.867, -3.123e-6, -6.772e-5
0.868, -3.157e-6, -6.775e-5
0.869, -3.150e-6, -6.778e-5
0.870, -3.190e-6, -6.781e-5
0.871, -3.181e-6, -6.784e-5
0.872, -3.226e-6, -6.788e-5
0.873, -3.214e-6, -6.791e-5
0.874, -3.252e-6, -6.794e-5
0.875, -3.242e-6, -6.797e-5
0.876, -3.283e-6, -6.801e-5
0.877, -3.273e-6, -6.804e-5
0.878, -3.308e-6, -6.807e-5
0.879, -3.304e-6, -6.810e-5
0.880, -3.340e-6, -6.814e-5
0.881, -3.331e-6, -6.817e-5
0.882, -3.372e-6, -6.820e-5
0.883, -3.361e-6, -6.824e-5
0.884, -3.399e-6, -6.827e-5
0.885, -3.394e-6, -6.831e-5
0.886, -3.430e-6, -6.834e-5
0.887, -3.422e-6, -6.837e-5
0.888, -3.463e-6, -6.841e-5
0.889, -3.454e-6, -6.844e-5
0.890, -3.494e-6, -6.848e-5
0.891, -3.486e-6, -6.851e-5
0.892, -3.526e-6, -6.855e-5
0.893, -3.517e-6, -6.858e-5
0.894, -3.556e-6, -6.862e-5
0.895, -3.551e-6, -6.866e-5
0.896, -3.590e-6, -6.869e-5
0.897, -3.580e-6, -6.873e-5
0.898, -3.623e-6, -6.876e-5
0.899, -3.616e-6, -6.880e-5
0.900, -3.654e-6, -6.884e-5
0.901, -3.651e-6, -6.887e-5
0.902, -3.691e-6, -6.891e-5
0.903, -3.682e-6, -6.895e-5
0.904, -3.722e-6, -6.898e-5
0.905, -3.717e-6, -6.902e-5
0.906, -3.758e-6, -6.906e-5
0.907, -3.749e-6, -6.910e-5
0.908, -3.792e-6, -6.913e-5
0.909, -3.783e-6, -6.917e-5
0.910, -3.826e-6, -6.921e-5
0.911, -3.820e-6, -6.925e-5
0.912, -3.861e-6, -6.929e-5
0.913, -3.853e-6, -6.932e-5
0.914, -3.899e-6, -6.936e-5
0.915, -3.888e-6, -6.940e-5
0.916, -3.933e-6, -6.944e-5
0.917, -3.926e-6, -6.948e-5
0.918, -3.971e-6, -6.952e-5
0.919, -3.962e-6, -6.956e-5
0.920, -4.012e-6, -6.960e-5
0.921, -4.004e-6, -6.964e-5
0.922, -4.056e-6, -6.968e-5
0.923, -4.044e-6, -6.972e-5
0.924, -4.086e-6, -6.976e-5
0.925, -4.078e-6, -6.980e-5
0.926, -4.119e-6, -6.984e-5
0.927, -4.113e-6, -6.989e-5
0.928, -4.157e-6, -6.993e-5
0.929, -4.146e-6, -6.997e-5
0.930, -4.193e-6, -7.001e-5
0.931, -4.183e-6, -7.005e-5
0.932, -4.228e-6, -7.009e-5
0.933, -4.221e-6, -7.014e-5
0.934, -4.265e-6, -7.018e-5
0.935, -4.255e-6, -7.022e-5
0.936, -4.302e-6, -7.027e-5
0.937, -4.291e-6, -7.031e-5
0.938, -4.334e-6, -7.035e-5
0.939, -4.327e-6, -7.039e-5
0.940, -4.373e-6, -7.044e-5
0.941, -4.360e-6, -7.048e-5
0.942, -4.405e-6, -7.053e-5
0.943, -4.400e-6, -7.057e-5
0.944, -4.444e-6, -7.061e-5
0.945, -4.433e-6, -7.066e-5
0.946, -4.481e-6, -7.070e-5
0.947, -4.467e-6, -7.075e-5
0.948, -4.513e-6, -7.079e-5
0.949, -4.507e-6, -7.084e-5
0.950, -4.550e-6, -7.088e-5
0.951, -4.539e-6, -7.093e-5
0.952, -4.586e-6, -7.098e-5
0.953, -4.575e-6, -7.102e-5
0.954, -4.620e-6, -7.107e-5
0.955, -4.607e-6, -7.111e-5
0.956, -4.653e-6, -7.116e-5
0.957, -4.642e-6, -7.121e-5
0.958, -4.688e-6, -7.125e-5
0.959, -4.677e-6, -7.130e-5
0.960, -4.721e-6, -7.135e-5
0.961, -4.709e-6, -7.139e-5
0.962, -4.766e-6, -7.144e-5
0.963, -4.748e-6, -7.149e-5
0.964, -4.798e-6, -7.154e-5
0.965, -4.788e-6, -7.159e-5
0.966, -4.832e-6, -7.163e-5
0.967, -4.823e-6, -7.168e-5
0.968, -4.869e-6, -7.173e-5
0.969, -4.854e-6, -7.178e-5
0.970, -4.897e-6, -7.183e-5
0.971, -4.886e-6, -7.188e-5
0.972, -4.934e-6, -7.193e-5
0.973, -4.920e-6, -7.198e-5
0.974, -4.964e-6, -7.203e-5
0.975, -4.953e-6, -7.207e-5
0.976, -4.996e-6, -7.212e-5
0.977, -4.982e-6, -7.217e-5
0.978, -5.032e-6, -7.222e-5
0.979, -5.015e-6, -7.227e-5
0.980, -5.059e-6, -7.233e-5
0.981, -5.048e-6, -7.238e-5
0.982, -5.091e-6, -7.243e-5
0.983, -5.076e-6, -7.248e-5
0.984, -5.123e-6, -7.253e-5
0.985, -5.108e-6, -7.258e-5
0.986, -5.152e-6, -7.263e-5
0.987, -5.136e-6, -7.268e-5
0.988, -5.182e-6, -7.273e-5
0.989, -5.164e-6, -7.279e-5
0.990, -5.209e-6, -7.284e-5
0.991, -5.196e-6, -7.289e-5
0.992, -5.238e-6, -7.294e-5
0.993, -5.223e-6, -7.299e-5
0.994, -5.270e-6, -7.305e-5
0.995, -5.251e-6, -7.310e-5
0.996, -5.294e-6, -7.315e-5
0.997, -5.281e-6, -7.321e-5
0.998, -5.323e-6, -7.326e-5
0.999, -5.305e-6, -7.331e-5
1.000, -5.352e-6, -7.337e-5
1.001, -5.332e-6, -7.342e-5
1.002, -5.377e-6, -7.347e-5
1.003, -5.358e-6, -7.353e-5
1.004, -5.405e-6, -7.358e-5
1.005, -5.386e-6, -7.363e-5
1.006, -5.430e-6, -7.369e-5
1.007, -5.415e-6, -7.374e-5
1.008, -5.455e-6, -7.380e-5
1.009, -5.436e-6, -7.385e-5
1.010, -5.482e-6, -7.391e-5
1.011, -5.463e-6, -7.396e-5
1.012, -5.503e-6, -7.402e-5
1.013, -5.489e-6, -7.407e-5
1.014, -5.533e-6, -7.413e-5
1.015, -5.508e-6, -7.418e-5
1.016, -5.559e-6, -7.424e-5
1.017, -5.536e-6, -7.429e-5
1.018, -5.584e-6, -7.435e-5
1.019, -5.562e-6, -7.440e-5
1.020, -5.607e-6, -7.446e-5
1.021, -5.586e-6, -7.452e-5
1.022, -5.626e-6, -7.457e-5
1.023, -5.610e-6, -7.463e-5
1.024, -5.643e-6, -7.468e-5
1.025, -5.622e-6, -7.474e-5
1.026, -5.667e-6, -7.480e-5
1.027, -5.645e-6, -7.485e-5
1.028, -5.684e-6, -7.491e-5
1.029, -5.667e-6, -7.497e-5
1.030, -5.704e-6, -7.502e-5
1.031, -5.683e-6, -7.508e-5
1.032, -5.725e-6, -7.514e-5
1.033, -5.704e-6, -7.520e-5
1.034, -5.742e-6, -7.525e-5
1.035, -5.720e-6, -7.531e-5
1.036, -5.761e-6, -7.537e-5
1.037, -5.739e-6, -7.543e-5
1.038, -5.779e-6, -7.548e-5
1.039, -5.757e-6, -7.554e-5
1.040, -5.797e-6, -7.560e-5
1.041, -5.772e-6, -7.566e-5
1.042, -5.816e-6, -7.571e-5
1.043, -5.791e-6, -7.577e-5
1.044, -5.829e-6, -7.583e-5
1.045, -5.809e-6, -7.589e-5
1.046, -5.843e-6, -7.595e-5
1.047, -5.820e-6, -7.601e-5
1.048, -5.858e-6, -7.606e-5
1.049, -5.836e-6, -7.612e-5
1.050, -5.872e-6, -7.618e-5
1.051, -5.849e-6, -7.624e-5
1.052, -5.888e-6, -7.630e-5
1.053, -5.862e-6, -7.636e-5
1.054, -5.897e-6, -7.642e-5
1.055, -5.875e-6, -7.647e-5
1.056, -5.912e-6, -7.653e-5
1.057, -5.887e-6, -7.659e-5
1.058, -5.924e-6, -7.665e-5
1.059, -5.901e-6, -7.671e-5
1.060, -5.936e-6, -7.677e-5
1.061, -5.912e-6, -7.683e-5
1.062, -5.946e-6, -7.689e-5
1.063, -5.921e-6, -7.695e-5
1.064, -5.958e-6, -7.701e-5
1.065, -5.933e-6, -7.707e-5
1.066, -5.968e-6, -7.713e-5
1.067, -5.940e-6, -7.719e-5
1.068, -5.979e-6, -7.725e-5
1.069, -5.952e-6, -7.731e-5
1.070, -5.989e-6, -7.737e-5
1.071, -5.961e-6, -7.742e-5
1.072, -5.996e-6, -7.748e-5
1.073, -5.969e-6, -7.754e-5
1.074, -6.008e-6, -7.760e-5
1.075, -5.980e-6, -7.766e-5
1.076, -6.013e-6, -7.772e-5
1.077, -5.988e-6, -7.778e-5
1.078, -6.020e-6, -7.784e-5
1.079, -5.994e-6, -7.790e-5
1.080, -6.030e-6, -7.796e-5
1.081, -6.003e-6, -7.802e-5
1.082, -6.036e-6, -7.809e-5
1.083, -6.008e-6, -7.815e-5
1.084, -6.042e-6, -7.821e-5
1.085, -6.014e-6, -7.827e-5
1.086, -6.046e-6, -7.833e-5
1.087, -6.020e-6, -7.839e-5
1.088, -6.054e-6, -7.845e-5
1.089, -6.028e-6, -7.851e-5
1.090, -6.062e-6, -7.857e-5
1.091, -6.033e-6, -7.863e-5
1.092, -6.064e-6, -7.869e-5
1.093, -6.040e-6, -7.875e-5
1.094, -6.070e-6, -7.881e-5
1.095, -6.043e-6, -7.887e-5
1.096, -6.077e-6, -7.893e-5
1.097, -6.047e-6, -7.899e-5
1.098, -6.083e-6, -7.905e-5
1.099, -6.053e-6, -7.911e-5
1.100, -6.087e-6, -7.917e-5
1.101, -6.055e-6, -7.923e-5
1.102, -6.089e-6, -7.930e-5
1.103, -6.060e-6, -7.936e-5
1.104, -6.093e-6, -7.942e-5
1.105, -6.064e-6, -7.948e-5
1.106, -6.100e-6, -7.954e-5
1.107, -6.069e-6, -7.960e-5
1.108, -6.102e-6, -7.966e-5
1.109, -6.076e-6, -7.972e-5
1.110, -6.107e-6, -7.978e-5
1.111, -6.077e-6, -7.984e-5
1.112, -6.111e-6, -7.990e-5
1.113, -6.081e-6, -7.996e-5
1.114, -6.113e-6, -8.003e-5
1.115, -6.084e-6, -8.009e-5
1.116, -6.118e-6, -8.015e-5
1.117, -6.085e-6, -8.021e-5
1.118, -6.120e-6, -8.027e-5
1.119, -6.094e-6, -8.033e-5
1.120, -6.124e-6, -8.039e-5
1.121, -6.095e-6, -8.045e-5
1.122, -6.130e-6, -8.051e-5
1.123, -6.099e-6, -8.058e-5
1.124, -6.132e-6, -8.064e-5
1.125, -6.104e-6, -8.070e-5
1.126, -6.136e-6, -8.076e-5
1.127, -6.110e-6, -8.082e-5
1.128, -6.143e-6, -8.088e-5
1.129, -6.113e-6, -8.094e-5
1.130, -6.144e-6, -8.100e-5
1.131, -6.115e-6, -8.107e-5
1.132, -6.149e-6, -8.113e-5
1.133, -6.121e-6, -8.119e-5
1.134, -6.152e-6, -8.125e-5
1.135, -6.126e-6, -8.131e-5
1.136, -6.157e-6, -8.137e-5
1.137, -6.128e-6, -8.143e-5
1.138, -6.163e-6, -8.150e-5
1.139, -6.132e-6, -8.156e-5
1.140, -6.165e-6, -8.162e-5
1.141, -6.139e-6, -8.168e-5
1.142, -6.169e-6, -8.174e-5
1.143, -6.142e-6, -8.180e-5
1.144, -6.177e-6, -8.186e-5
1.145, -6.148e-6, -8.193e-5
1.146, -6.183e-6, -8.199e-5
1.147, -6.151e-6, -8.205e-5
1.148, -6.188e-6, -8.211e-5
1.149, -6.157e-6, -8.217e-5
1.150, -6.192e-6, -8.223e-5
1.151, -6.165e-6, -8.230e-5
1.152, -6.195e-6, -8.236e-5
1.153, -6.169e-6, -8.242e-5
1.154, -6.205e-6, -8.248e-5
1.155, -6.176e-6, -8.254e-5
1.156, -6.210e-6, -8.261e-5
1.157, -6.183e-6, -8.267e-5
1.158, -6.217e-6, -8.273e-5
1.159, -6.191e-6, -8.279e-5
1.160, -6.226e-6, -8.285e-5
1.161, -6.198e-6, -8.292e-5
1.162, -6.233e-6, -8.298e-5
1.163, -6.204e-6, -8.304e-5
1.164, -6.241e-6, -8.310e-5
1.165, -6.212e-6, -8.316e-5
1.166, -6.246e-6, -8.323e-5
1.167, -6.224e-6, -8.329e-5
1.168, -6.257e-6, -8.335e-5
1.169, -6.232e-6, -8.341e-5
1.170, -6.268e-6, -8.348e-5
1.171, -6.242e-6, -8.354e-5
1.172, -6.275e-6, -8.360e-5
1.173, -6.251e-6, -8.366e-5
1.174, -6.288e-6, -8.373e-5
1.175, -6.261e-6, -8.379e-5
1.176, -6.297e-6, -8.385e-5
1.177, -6.274e-6, -8.392e-5
1.178, -6.310e-6, -8.398e-5
1.179, -6.286e-6, -8.404e-5
1.180, -6.320e-6, -8.411e-5
1.181, -6.297e-6, -8.417e-5
1.182, -6.331e-6, -8.423e-5
1.183, -6.312e-6, -8.429e-5
1.184, -6.340e-6, -8.436e-5
1.185, -6.321e-6, -8.442e-5
1.186, -6.353e-6, -8.448e-5
1.187, -6.334e-6, -8.455e-5
1.188, -6.366e-6, -8.461e-5
1.189, -6.344e-6, -8.468e-5
1.190, -6.384e-6, -8.474e-5
1.191, -6.358e-6, -8.480e-5
1.192, -6.397e-6, -8.487e-5
1.193, -6.375e-6, -8.493e-5
1.194, -6.412e-6, -8.499e-5
1.195, -6.392e-6, -8.506e-5
1.196, -6.432e-6, -8.512e-5
1.197, -6.409e-6, -8.519e-5
1.198, -6.445e-6, -8.525e-5
1.199, -6.427e-6, -8.532e-5
1.200, -6.465e-6, -8.538e-5
1.201, -6.443e-6, -8.544e-5
1.202, -6.487e-6, -8.551e-5
1.203, -6.466e-6, -8.557e-5
1.204, -6.504e-6, -8.564e-5
1.205, -6.488e-6, -8.570e-5
1.206, -6.528e-6, -8.577e-5
1.207, -6.506e-6, -8.583e-5
1.208, -6.549e-6, -8.590e-5
1.209, -6.529e-6, -8.597e-5
1.210, -6.574e-6, -8.603e-5
1.211, -6.551e-6, -8.610e-5
1.212, -6.596e-6, -8.616e-5
1.213, -6.579e-6, -8.623e-5
1.214, -6.619e-6, -8.629e-5
1.215, -6.605e-6, -8.636e-5
1.216, -6.645e-6, -8.643e-5
1.217, -6.630e-6, -8.649e-5
1.218, -6.676e-6, -8.656e-5
1.219, -6.657e-6, -8.663e-5
1.220, -6.701e-6, -8.669e-5
1.221, -6.687e-6, -8.676e-5
1.222, -6.730e-6, -8.683e-5
1.223, -6.715e-6, -8.689e-5
1.224, -6.762e-6, -8.696e-5
1.225, -6.744e-6, -8.703e-5
1.226, -6.792e-6, -8.710e-5
1.227, -6.780e-6, -8.717e-5
1.228, -6.825e-6, -8.723e-5
1.229, -6.800e-6, -8.730e-5
1.230, -6.849e-6, -8.737e-5
1.231, -6.837e-6, -8.744e-5
1.232, -6.883e-6, -8.751e-5
1.233, -6.873e-6, -8.758e-5
1.234, -6.922e-6, -8.765e-5
1.235, -6.909e-6, -8.771e-5
1.236, -6.958e-6, -8.778e-5
1.237, -6.950e-6, -8.785e-5
1.238, -6.998e-6, -8.792e-5
1.239, -6.986e-6, -8.799e-5
1.240, -7.040e-6, -8.806e-5
1.241, -7.029e-6, -8.813e-5
1.242, -7.081e-6, -8.820e-5
1.243, -7.073e-6, -8.828e-5
1.244, -7.131e-6, -8.835e-5
1.245, -7.123e-6, -8.842e-5
1.246, -7.175e-6, -8.849e-5
1.247, -7.173e-6, -8.856e-5
1.248, -7.222e-6, -8.863e-5
1.249, -7.217e-6, -8.871e-5
1.250, -7.272e-6, -8.878e-5
1.251, -7.268e-6, -8.885e-5
1.252, -7.320e-6, -8.892e-5
1.253, -7.318e-6, -8.900e-5
1.254, -7.374e-6, -8.907e-5
1.255, -7.369e-6, -8.915e-5
1.256, -7.427e-6, -8.922e-5
1.257, -7.423e-6, -8.929e-5
1.258, -7.481e-6, -8.937e-5
1.259, -7.479e-6, -8.944e-5
1.260, -7.539e-6, -8.952e-5
1.261, -7.540e-6, -8.959e-5
1.262, -7.599e-6, -8.967e-5
1.263, -7.600e-6, -8.975e-5
1.264, -7.657e-6, -8.982e-5
1.265, -7.659e-6, -8.990e-5
1.266, -7.722e-6, -8.998e-5
1.267, -7.722e-6, -9.005e-5
1.268, -7.782e-6, -9.013e-5
1.269, -7.789e-6, -9.021e-5
1.270, -7.852e-6, -9.029e-5
1.271, -7.857e-6, -9.037e-5
1.272, -7.931e-6, -9.045e-5
1.273, -7.938e-6, -9.053e-5
1.274, -8.000e-6, -9.061e-5
1.275, -8.007e-6, -9.069e-5
1.276, -8.075e-6, -9.077e-5
1.277, -8.081e-6, -9.085e-5
1.278, -8.150e-6, -9.093e-5
1.279, -8.162e-6, -9.101e-5
1.280, -8.232e-6, -9.109e-5
1.281, -8.241e-6, -9.117e-5
1.282, -8.313e-6, -9.126e-5
1.283, -8.326e-6, -9.134e-5
1.284, -8.395e-6, -9.143e-5
1.285, -8.409e-6, -9.151e-5
1.286, -8.481e-6, -9.159e-5
1.287, -8.495e-6, -9.168e-5
1.288, -8.572e-6, -9.176e-5
1.289, -8.588e-6, -9.185e-5
1.290, -8.666e-6, -9.194e-5
1.291, -8.686e-6, -9.202e-5
1.292, -8.766e-6, -9.211e-5
1.293, -8.783e-6, -9.220e-5
1.294, -8.860e-6, -9.229e-5
1.295, -8.883e-6, -9.238e-5
1.296, -8.961e-6, -9.247e-5
1.297, -8.982e-6, -9.256e-5
1.298, -9.065e-6, -9.265e-5
1.299, -9.087e-6, -9.274e-5
1.300, -9.125e-6, -9.283e-5