-0.309, 1.242e-6, 1.068e-5
-0.308, 4.036e-7, 1.068e-5
-0.307, -6.600e-8, 1.068e-5
-0.306, -1.977e-7, 1.068e-5
-0.305, -4.515e-7, 1.067e-5
-0.304, -4.731e-7, 1.067e-5
-0.303, -6.628e-7, 1.066e-5
-0.302, -6.627e-7, 1.065e-5
-0.301, -8.436e-7, 1.065e-5
-0.300, -8.229e-7, 1.064e-5
-0.299, -1.006e-6, 1.063e-5
-0.298, -9.434e-7, 1.062e-5
-0.297, -1.097e-6, 1.061e-5
-0.296, -1.063e-6, 1.060e-5
-0.295, -1.218e-6, 1.058e-5
-0.294, -1.148e-6, 1.057e-5
-0.293, -1.291e-6, 1.056e-5
-0.292, -1.236e-6, 1.055e-5
-0.291, -1.350e-6, 1.053e-5
-0.290, -1.278e-6, 1.052e-5
-0.289, -1.460e-6, 1.051e-5
-0.288, -1.358e-6, 1.049e-5
-0.287, -1.477e-6, 1.048e-5
-0.286, -1.420e-6, 1.046e-5
-0.285, -1.537e-6, 1.045e-5
-0.284, -1.452e-6, 1.043e-5
-0.283, -1.606e-6, 1.042e-5
-0.282, -1.501e-6, 1.040e-5
-0.281, -1.640e-6, 1.039e-5
-0.280, -1.551e-6, 1.037e-5
-0.279, -1.683e-6, 1.035e-5
-0.278, -1.599e-6, 1.034e-5
-0.277, -1.724e-6, 1.032e-5
-0.276, -1.649e-6, 1.030e-5
-0.275, -1.756e-6, 1.029e-5
-0.274, -1.680e-6, 1.027e-5
-0.273, -1.830e-6, 1.025e-5
-0.272, -1.709e-6, 1.024e-5
-0.271, -1.845e-6, 1.022e-5
-0.270, -1.762e-6, 1.020e-5
-0.269, -1.876e-6, 1.018e-5
-0.268, -1.787e-6, 1.016e-5
-0.267, -1.923e-6, 1.014e-5
-0.266, -1.808e-6, 1.012e-5
-0.265, -1.936e-6, 1.011e-5
-0.264, -1.852e-6, 1.009e-5
-0.263, -1.995e-6, 1.007e-5
-0.262, -1.891e-6, 1.005e-5
-0.261, -1.999e-6, 1.003e-5
-0.260, -1.938e-6, 1.001e-5
-0.259, -2.028e-6, 9.989e-6
-0.258, -1.930e-6, 9.969e-6
-0.257, -2.100e-6, 9.948e-6
-0.256, -1.987e-6, 9.928e-6
-0.255, -2.108e-6, 9.907e-6
-0.254, -2.020e-6, 9.887e-6
-0.253, -2.116e-6, 9.866e-6
-0.252, -2.020e-6, 9.846e-6
-0.251, -2.165e-6, 9.824e-6
-0.250, -2.060e-6, 9.804e-6
-0.249, -2.167e-6, 9.782e-6
-0.248, -2.074e-6, 9.761e-6
-0.247, -2.209e-6, 9.739e-6
-0.246, -2.102e-6, 9.718e-6
-0.245, -2.196e-6, 9.696e-6
-0.244, -2.124e-6, 9.675e-6
-0.243, -2.206e-6, 9.653e-6
-0.242, -2.110e-6, 9.632e-6
-0.241, -2.242e-6, 9.609e-6
-0.240, -2.122e-6, 9.588e-6
-0.239, -2.219e-6, 9.566e-6
-0.238, -2.140e-6, 9.544e-6
-0.237, -2.237e-6, 9.522e-6
-0.236, -2.140e-6, 9.501e-6
-0.235, -2.232e-6, 9.478e-6
-0.234, -2.131e-6, 9.457e-6
-0.233, -2.208e-6, 9.435e-6
-0.232, -2.126e-6, 9.414e-6
-0.231, -2.228e-6, 9.391e-6
-0.230, -2.096e-6, 9.370e-6
-0.229, -2.195e-6, 9.348e-6
-0.228, -2.114e-6, 9.327e-6
-0.227, -2.198e-6, 9.305e-6
-0.226, -2.072e-6, 9.285e-6
-0.225, -2.188e-6, 9.263e-6
-0.224, -2.054e-6, 9.242e-6
-0.223, -2.163e-6, 9.221e-6
-0.222, -2.060e-6, 9.200e-6
-0.221, -2.160e-6, 9.178e-6
-0.220, -2.039e-6, 9.158e-6
-0.219, -2.146e-6, 9.137e-6
-0.218, -2.031e-6, 9.116e-6
-0.217, -2.121e-6, 9.095e-6
-0.216, -2.019e-6, 9.075e-6
-0.215, -2.125e-6, 9.054e-6
-0.214, -1.986e-6, 9.034e-6
-0.213, -2.104e-6, 9.013e-6
-0.212, -1.988e-6, 8.993e-6
-0.211, -2.098e-6, 8.972e-6
-0.210, -1.970e-6, 8.952e-6
-0.209, -2.104e-6, 8.931e-6
-0.208, -1.972e-6, 8.911e-6
-0.207, -2.074e-6, 8.891e-6
-0.206, -1.976e-6, 8.871e-6
-0.205, -2.061e-6, 8.850e-6
-0.204, -1.876e-6, 8.832e-6
-0.203, -2.037e-6, 8.811e-6
-0.202, -1.922e-6, 8.792e-6
-0.201, -2.017e-6, 8.772e-6
-0.200, -1.904e-6, 8.753e-6
-0.199, -2.023e-6, 8.732e-6
-0.198, -1.877e-6, 8.714e-6
-0.197, -1.987e-6, 8.694e-6
-0.196, -1.857e-6, 8.675e-6
-0.195, -1.945e-6, 8.656e-6
-0.194, -1.804e-6, 8.638e-6
-0.193, -1.937e-6, 8.618e-6
-0.192, -1.784e-6, 8.601e-6
-0.191, -1.885e-6, 8.582e-6
-0.190, -1.773e-6, 8.564e-6
-0.189, -1.857e-6, 8.545e-6
-0.188, -1.709e-6, 8.528e-6
-0.187, -1.826e-6, 8.510e-6
-0.186, -1.672e-6, 8.493e-6
-0.185, -1.790e-6, 8.475e-6
-0.184, -1.655e-6, 8.459e-6
-0.183, -1.761e-6, 8.441e-6
-0.182, -1.595e-6, 8.425e-6
-0.181, -1.718e-6, 8.408e-6
-0.180, -1.606e-6, 8.392e-6
-0.179, -1.695e-6, 8.375e-6
-0.178, -1.551e-6, 8.360e-6
-0.177, -1.695e-6, 8.343e-6
-0.176, -1.534e-6, 8.327e-6
-0.175, -1.646e-6, 8.311e-6
-0.174, -1.529e-6, 8.296e-6
-0.173, -1.616e-6, 8.279e-6
-0.172, -1.481e-6, 8.265e-6
-0.171, -1.613e-6, 8.249e-6
-0.170, -1.483e-6, 8.234e-6
-0.169, -1.590e-6, 8.218e-6
-0.168, -1.467e-6, 8.203e-6
-0.167, -1.580e-6, 8.187e-6
-0.166, -1.438e-6, 8.173e-6
-0.165, -1.563e-6, 8.157e-6
-0.164, -1.452e-6, 8.143e-6
-0.163, -1.563e-6, 8.127e-6
-0.162, -1.437e-6, 8.113e-6
-0.161, -1.572e-6, 8.097e-6
-0.160, -1.434e-6, 8.083e-6
-0.159, -1.549e-6, 8.067e-6
-0.158, -1.444e-6, 8.053e-6
-0.157, -1.556e-6, 8.037e-6
-0.156, -1.436e-6, 8.023e-6
-0.155, -1.579e-6, 8.007e-6
-0.154, -1.433e-6, 7.993e-6
-0.153, -1.569e-6, 7.977e-6
-0.152, -1.445e-6, 7.963e-6
-0.151, -1.572e-6, 7.947e-6
-0.150, -1.453e-6, 7.932e-6
-0.149, -1.568e-6, 7.917e-6
-0.148, -1.473e-6, 7.902e-6
-0.147, -1.597e-6, 7.886e-6
-0.146, -1.469e-6, 7.871e-6
-0.145, -1.609e-6, 7.855e-6
-0.144, -1.477e-6, 7.840e-6
-0.143, -1.609e-6, 7.824e-6
-0.142, -1.512e-6, 7.809e-6
-0.141, -1.635e-6, 7.793e-6
-0.140, -1.505e-6, 7.778e-6
-0.139, -1.651e-6, 7.761e-6
-0.138, -1.526e-6, 7.746e-6
-0.137, -1.664e-6, 7.729e-6
-0.136, -1.535e-6, 7.714e-6
-0.135, -1.676e-6, 7.697e-6
-0.134, -1.542e-6, 7.682e-6
-0.133, -1.686e-6, 7.665e-6
-0.132, -1.572e-6, 7.649e-6
-0.131, -1.700e-6, 7.632e-6
-0.130, -1.554e-6, 7.617e-6
-0.129, -1.719e-6, 7.600e-6
-0.128, -1.584e-6, 7.584e-6
-0.127, -1.711e-6, 7.567e-6
-0.126, -1.591e-6, 7.551e-6
-0.125, -1.705e-6, 7.534e-6
-0.124, -1.578e-6, 7.518e-6
-0.123, -1.726e-6, 7.501e-6
-0.122, -1.592e-6, 7.485e-6
-0.121, -1.720e-6, 7.467e-6
-0.120, -1.592e-6, 7.452e-6
-0.119, -1.733e-6, 7.434e-6
-0.118, -1.582e-6, 7.418e-6
-0.117, -1.707e-6, 7.401e-6
-0.116, -1.598e-6, 7.385e-6
-0.115, -1.728e-6, 7.368e-6
-0.114, -1.588e-6, 7.352e-6
-0.113, -1.729e-6, 7.335e-6
-0.112, -1.593e-6, 7.319e-6
-0.111, -1.722e-6, 7.302e-6
-0.110, -1.602e-6, 7.286e-6
-0.109, -1.733e-6, 7.268e-6
-0.108, -1.593e-6, 7.253e-6
-0.107, -1.740e-6, 7.235e-6
-0.106, -1.612e-6, 7.219e-6
-0.105, -1.751e-6, 7.201e-6
-0.104, -1.632e-6, 7.185e-6
-0.103, -1.763e-6, 7.168e-6
-0.102, -1.689e-6, 7.151e-6
-0.101, -1.789e-6, 7.133e-6
-0.100, -1.665e-6, 7.116e-6
-0.099, -1.787e-6, 7.098e-6
-0.098, -1.679e-6, 7.081e-6
-0.097, -1.840e-6, 7.063e-6
-0.096, -1.712e-6, 7.046e-6
-0.095, -1.842e-6, 7.027e-6
-0.094, -1.742e-6, 7.010e-6
-0.093, -1.873e-6, 6.991e-6
-0.092, -1.754e-6, 6.974e-6
-0.091, -1.910e-6, 6.955e-6
-0.090, -1.797e-6, 6.937e-6
-0.089, -1.928e-6, 6.917e-6
-0.088, -1.804e-6, 6.899e-6
-0.087, -1.956e-6, 6.880e-6
-0.086, -1.847e-6, 6.861e-6
-0.085, -1.981e-6, 6.842e-6
-0.084, -1.882e-6, 6.823e-6
-0.083, -2.007e-6, 6.803e-6
-0.082, -1.892e-6, 6.784e-6
-0.081, -2.052e-6, 6.763e-6
-0.080, -1.908e-6, 6.744e-6
-0.079, -2.053e-6, 6.724e-6
-0.078, -1.948e-6, 6.704e-6
-0.077, -2.073e-6, 6.683e-6
-0.076, -1.927e-6, 6.664e-6
-0.075, -2.081e-6, 6.643e-6
-0.074, -1.956e-6, 6.624e-6
-0.073, -2.059e-6, 6.603e-6
-0.072, -1.939e-6, 6.584e-6
-0.071, -2.061e-6, 6.563e-6
-0.070, -1.919e-6, 6.544e-6
-0.069, -2.039e-6, 6.524e-6
-0.068, -1.917e-6, 6.504e-6
-0.067, -1.998e-6, 6.484e-6
-0.066, -1.854e-6, 6.466e-6
-0.065, -1.986e-6, 6.446e-6
-0.064, -1.825e-6, 6.428e-6
-0.063, -1.903e-6, 6.409e-6
-0.062, -1.769e-6, 6.391e-6
-0.061, -1.859e-6, 6.372e-6
-0.060, -1.693e-6, 6.356e-6
-0.059, -1.796e-6, 6.338e-6
-0.058, -1.623e-6, 6.321e-6
-0.057, -1.724e-6, 6.304e-6
-0.056, -1.559e-6, 6.289e-6
-0.055, -1.645e-6, 6.272e-6
-0.054, -1.470e-6, 6.257e-6
-0.053, -1.555e-6, 6.242e-6
-0.052, -1.408e-6, 6.228e-6
-0.051, -1.477e-6, 6.213e-6
-0.050, -1.316e-6, 6.200e-6
-0.049, -1.416e-6, 6.186e-6
-0.048, -1.243e-6, 6.173e-6
-0.047, -1.316e-6, 6.160e-6
-0.046, -1.179e-6, 6.148e-6
-0.045, -1.241e-6, 6.136e-6
-0.044, -1.090e-6, 6.125e-6
-0.043, -1.185e-6, 6.113e-6
-0.042, -1.023e-6, 6.103e-6
-0.041, -1.095e-6, 6.092e-6
-0.040, -9.615e-7, 6.082e-6
-0.039, -1.043e-6, 6.072e-6
-0.038, -9.003e-7, 6.063e-6
-0.037, -9.793e-7, 6.053e-6
-0.036, -8.376e-7, 6.045e-6
-0.035, -9.155e-7, 6.036e-6
-0.034, -7.811e-7, 6.028e-6
-0.033, -8.724e-7, 6.019e-6
-0.032, -7.356e-7, 6.012e-6
-0.031, -8.102e-7, 6.004e-6
-0.030, -7.075e-7, 5.996e-6
-0.029, -7.693e-7, 5.989e-6
-0.028, -6.496e-7, 5.982e-6
-0.027, -7.322e-7, 5.975e-6
-0.026, -6.216e-7, 5.969e-6
-0.025, -6.896e-7, 5.962e-6
-0.024, -5.939e-7, 5.956e-6
-0.023, -6.597e-7, 5.949e-6
-0.022, -5.644e-7, 5.944e-6
-0.021, -6.238e-7, 5.937e-6
-0.020, -5.399e-7, 5.932e-6
-0.019, -5.983e-7, 5.926e-6
-0.018, -5.138e-7, 5.921e-6
-0.017, -5.775e-7, 5.915e-6
-0.016, -4.885e-7, 5.910e-6
-0.015, -5.469e-7, 5.905e-6
-0.014, -4.762e-7, 5.900e-6
-0.013, -5.288e-7, 5.895e-6
-0.012, -4.512e-7, 5.890e-6
-0.011, -5.135e-7, 5.885e-6
-0.010, -4.349e-7, 5.881e-6
-0.009, -4.867e-7, 5.876e-6
-0.008, -4.244e-7, 5.872e-6
-0.007, -4.744e-7, 5.867e-6
-0.006, -4.027e-7, 5.863e-6
-0.005, -4.585e-7, 5.858e-6
-0.004, -3.905e-7, 5.854e-6
-0.003, -4.402e-7, 5.850e-6
-0.002, -3.769e-7, 5.846e-6
-0.001, -4.309e-7, 5.842e-6
0.000, -3.556e-7, 5.838e-6
0.001, -4.075e-7, 5.834e-6
0.002, -3.584e-7, 5.831e-6
0.003, -4.002e-7, 5.827e-6
0.004, -3.460e-7, 5.823e-6
0.005, -3.928e-7, 5.819e-6
0.006, -3.371e-7, 5.816e-6
0.007, -3.783e-7, 5.812e-6
0.008, -3.318e-7, 5.809e-6
0.009, -3.705e-7, 5.805e-6
0.010, -3.185e-7, 5.802e-6
0.011, -3.582e-7, 5.798e-6
0.012, -3.141e-7, 5.795e-6
0.013, -3.493e-7, 5.792e-6
0.014, -3.001e-7, 5.789e-6
0.015, -3.415e-7, 5.785e-6
0.016, -2.940e-7, 5.782e-6
0.017, -3.314e-7, 5.779e-6
0.018, -2.883e-7, 5.776e-6
0.019, -3.270e-7, 5.773e-6
0.020, -2.807e-7, 5.770e-6
0.021, -3.202e-7, 5.767e-6
0.022, -2.739e-7, 5.764e-6
0.023, -3.095e-7, 5.761e-6
0.024, -2.704e-7, 5.758e-6
0.025, -3.037e-7, 5.755e-6
0.026, -2.626e-7, 5.753e-6
0.027, -2.942e-7, 5.750e-6
0.028, -2.568e-7, 5.747e-6
0.029, -2.873e-7, 5.744e-6
0.030, -2.504e-7, 5.742e-6
0.031, -2.851e-7, 5.739e-6
0.032, -2.434e-7, 5.737e-6
0.033, -2.788e-7, 5.734e-6
0.034, -2.431e-7, 5.731e-6
0.035, -2.740e-7, 5.729e-6
0.036, -2.359e-7, 5.726e-6
0.037, -2.729e-7, 5.723e-6
0.038, -2.339e-7, 5.721e-6
0.039, -2.619e-7, 5.719e-6
0.040, -2.306e-7, 5.716e-6
0.041, -2.583e-7, 5.714e-6
0.042, -2.252e-7, 5.711e-6
0.043, -2.548e-7, 5.709e-6
0.044, -2.237e-7, 5.707e-6
0.045, -2.465e-7, 5.704e-6
0.046, -2.171e-7, 5.702e-6
0.047, -2.473e-7, 5.699e-6
0.048, -2.160e-7, 5.697e-6
0.049, -2.401e-7, 5.695e-6
0.050, -2.156e-7, 5.693e-6
0.051, -2.388e-7, 5.690e-6
0.052, -2.096e-7, 5.688e-6
0.053, -2.391e-7, 5.686e-6
0.054, -2.069e-7, 5.684e-6
0.055, -2.339e-7, 5.681e-6
0.056, -2.067e-7, 5.679e-6
0.057, -2.318e-7, 5.677e-6
0.058, -2.000e-7, 5.675e-6
0.059, -2.296e-7, 5.673e-6
0.060, -2.004e-7, 5.671e-6
0.061, -2.263e-7, 5.669e-6
0.062, -1.964e-7, 5.667e-6
0.063, -2.280e-7, 5.664e-6
0.064, -1.956e-7, 5.662e-6
0.065, -2.196e-7, 5.660e-6
0.066, -1.951e-7, 5.658e-6
0.067, -2.196e-7, 5.656e-6
0.068, -1.921e-7, 5.654e-6
0.069, -2.196e-7, 5.652e-6
0.070, -1.914e-7, 5.650e-6
0.071, -2.162e-7, 5.648e-6
0.072, -1.910e-7, 5.646e-6
0.073, -2.144e-7, 5.644e-6
0.074, -1.892e-7, 5.642e-6
0.075, -2.122e-7, 5.640e-6
0.076, -1.895e-7, 5.638e-6
0.077, -2.117e-7, 5.636e-6
0.078, -1.888e-7, 5.634e-6
0.079, -2.119e-7, 5.632e-6
0.080, -1.871e-7, 5.630e-6
0.081, -2.086e-7, 5.628e-6
0.082, -1.889e-7, 5.626e-6
0.083, -2.090e-7, 5.624e-6
0.084, -1.858e-7, 5.622e-6
0.085, -2.106e-7, 5.620e-6
0.086, -1.855e-7, 5.618e-6
0.087, -2.079e-7, 5.616e-6
0.088, -1.858e-7, 5.614e-6
0.089, -2.079e-7, 5.612e-6
0.090, -1.848e-7, 5.610e-6
0.091, -2.062e-7, 5.608e-6
0.092, -1.857e-7, 5.606e-6
0.093, -2.046e-7, 5.604e-6
0.094, -1.853e-7, 5.602e-6
0.095, -2.064e-7, 5.600e-6
0.096, -1.849e-7, 5.598e-6
0.097, -2.023e-7, 5.596e-6
0.098, -1.855e-7, 5.594e-6
0.099, -2.040e-7, 5.592e-6
0.100, -1.844e-7, 5.591e-6
0.101, -2.047e-7, 5.589e-6
0.102, -1.828e-7, 5.587e-6
0.103, -2.060e-7, 5.585e-6
0.104, -1.841e-7, 5.583e-6
0.105, -2.031e-7, 5.581e-6
0.106, -1.830e-7, 5.579e-6
0.107, -2.019e-7, 5.577e-6
0.108, -1.843e-7, 5.575e-6
0.109, -2.017e-7, 5.573e-6
0.110, -1.829e-7, 5.571e-6
0.111, -2.022e-7, 5.569e-6
0.112, -1.833e-7, 5.567e-6
0.113, -1.994e-7, 5.565e-6
0.114, -1.846e-7, 5.564e-6
0.115, -1.992e-7, 5.562e-6
0.116, -1.823e-7, 5.560e-6
0.117, -2.036e-7, 5.558e-6
0.118, -1.829e-7, 5.556e-6
0.119, -1.986e-7, 5.554e-6
0.120, -1.837e-7, 5.552e-6
0.121, -1.992e-7, 5.550e-6
0.122, -1.829e-7, 5.548e-6
0.123, -2.000e-7, 5.546e-6
0.124, -1.830e-7, 5.544e-6
0.125, -1.993e-7, 5.542e-6
0.126, -1.818e-7, 5.541e-6
0.127, -2.011e-7, 5.539e-6
0.128, -1.835e-7, 5.537e-6
0.129, -1.995e-7, 5.535e-6
0.130, -1.846e-7, 5.533e-6
0.131, -1.963e-7, 5.531e-6
0.132, -1.819e-7, 5.529e-6
0.133, -2.016e-7, 5.527e-6
0.134, -1.827e-7, 5.525e-6
0.135, -1.973e-7, 5.523e-6
0.136, -1.834e-7, 5.521e-6
0.137, -1.982e-7, 5.519e-6
0.138, -1.820e-7, 5.518e-6
0.139, -1.993e-7, 5.516e-6
0.140, -1.836e-7, 5.514e-6
0.141, -1.983e-7, 5.512e-6
0.142, -1.817e-7, 5.510e-6
0.143, -2.013e-7, 5.508e-6
0.144, -1.819e-7, 5.506e-6
0.145, -1.966e-7, 5.504e-6
0.146, -1.842e-7, 5.502e-6
0.147, -1.980e-7, 5.500e-6
0.148, -1.825e-7, 5.499e-6
0.149, -2.003e-7, 5.497e-6
0.150, -1.827e-7, 5.495e-6
0.151, -1.980e-7, 5.493e-6
0.152, -1.840e-7, 5.491e-6
0.153, -1.993e-7, 5.489e-6
0.154, -1.842e-7, 5.487e-6
0.155, -1.990e-7, 5.485e-6
0.156, -1.842e-7, 5.483e-6
0.157, -1.967e-7, 5.481e-6
0.158, -1.810e-7, 5.480e-6
0.159, -1.986e-7, 5.478e-6
0.160, -1.838e-7, 5.476e-6
0.161, -1.978e-7, 5.474e-6
0.162, -1.844e-7, 5.472e-6
0.163, -1.993e-7, 5.470e-6
0.164, -1.832e-7, 5.468e-6
0.165, -1.988e-7, 5.466e-6
0.166, -1.828e-7, 5.464e-6
0.167, -1.977e-7, 5.462e-6
0.168, -1.848e-7, 5.460e-6
0.169, -1.973e-7, 5.458e-6
0.170, -1.828e-7, 5.457e-6
0.171, -1.974e-7, 5.455e-6
0.172, -1.837e-7, 5.453e-6
0.173, -1.990e-7, 5.451e-6
0.174, -1.838e-7, 5.449e-6
0.175, -1.993e-7, 5.447e-6
0.176, -1.834e-7, 5.445e-6
0.177, -1.979e-7, 5.443e-6
0.178, -1.847e-7, 5.441e-6
0.179, -1.982e-7, 5.439e-6
0.180, -1.828e-7, 5.437e-6
0.181, -2.008e-7, 5.435e-6
0.182, -1.831e-7, 5.434e-6
0.183, -2.006e-7, 5.432e-6
0.184, -1.843e-7, 5.430e-6
0.185, -1.979e-7, 5.428e-6
0.186, -1.837e-7, 5.426e-6
0.187, -1.991e-7, 5.424e-6
0.188, -1.841e-7, 5.422e-6
0.189, -1.975e-7, 5.420e-6
0.190, -1.839e-7, 5.418e-6
0.191, -2.017e-7, 5.416e-6
0.192, -1.831e-7, 5.414e-6
0.193, -1.979e-7, 5.413e-6
0.194, -1.853e-7, 5.411e-6
0.195, -1.989e-7, 5.409e-6
0.196, -1.845e-7, 5.407e-6
0.197, -2.018e-7, 5.405e-6
0.198, -1.843e-7, 5.403e-6
0.199, -1.982e-7, 5.401e-6
0.200, -1.846e-7, 5.399e-6
0.201, -1.988e-7, 5.397e-6
0.202, -1.841e-7, 5.395e-6
0.203, -1.980e-7, 5.393e-6
0.204, -1.848e-7, 5.391e-6
0.205, -1.936e-7, 5.390e-6
0.206, -1.831e-7, 5.388e-6
0.207, -2.002e-7, 5.386e-6
0.208, -1.845e-7, 5.384e-6
0.209, -1.973e-7, 5.382e-6
0.210, -1.856e-7, 5.380e-6
0.211, -1.993e-7, 5.378e-6
0.212, -1.842e-7, 5.376e-6
0.213, -2.023e-7, 5.374e-6
0.214, -1.854e-7, 5.372e-6
0.215, -1.989e-7, 5.370e-6
0.216, -1.861e-7, 5.368e-6
0.217, -1.995e-7, 5.366e-6
0.218, -1.859e-7, 5.365e-6
0.219, -1.992e-7, 5.363e-6
0.220, -1.858e-7, 5.361e-6
0.221, -1.989e-7, 5.359e-6
0.222, -1.847e-7, 5.357e-6
0.223, -2.011e-7, 5.355e-6
0.224, -1.853e-7, 5.353e-6
0.225, -1.996e-7, 5.351e-6
0.226, -1.863e-7, 5.349e-6
0.227, -1.989e-7, 5.347e-6
0.228, -1.856e-7, 5.345e-6
0.229, -2.026e-7, 5.343e-6
0.230, -1.854e-7, 5.341e-6
0.231, -2.008e-7, 5.339e-6
0.232, -1.864e-7, 5.338e-6
0.233, -2.005e-7, 5.336e-6
0.234, -1.861e-7, 5.334e-6
0.235, -2.002e-7, 5.332e-6
0.236, -1.857e-7, 5.330e-6
0.237, -2.003e-7, 5.328e-6
0.238, -1.861e-7, 5.326e-6
0.239, -2.020e-7, 5.324e-6
0.240, -1.858e-7, 5.322e-6
0.241, -1.997e-7, 5.320e-6
0.242, -1.870e-7, 5.318e-6
0.243, -2.026e-7, 5.316e-6
0.244, -1.854e-7, 5.314e-6
0.245, -2.019e-7, 5.312e-6
0.246, -1.869e-7, 5.311e-6
0.247, -2.004e-7, 5.309e-6
0.248, -1.879e-7, 5.307e-6
0.249, -2.014e-7, 5.305e-6
0.250, -1.864e-7, 5.303e-6
0.251, -2.021e-7, 5.301e-6
0.252, -1.872e-7, 5.299e-6
0.253, -2.020e-7, 5.297e-6
0.254, -1.873e-7, 5.295e-6
0.255, -2.035e-7, 5.293e-6
0.256, -1.868e-7, 5.291e-6
0.257, -2.020e-7, 5.289e-6
0.258, -1.879e-7, 5.287e-6
0.259, -2.028e-7, 5.285e-6
0.260, -1.872e-7, 5.283e-6
0.261, -2.037e-7, 5.281e-6
0.262, -1.872e-7, 5.279e-6
0.263, -2.038e-7, 5.277e-6
0.264, -1.889e-7, 5.275e-6
0.265, -2.034e-7, 5.273e-6
0.266, -1.874e-7, 5.272e-6
0.267, -2.036e-7, 5.269e-6
0.268, -1.881e-7, 5.268e-6
0.269, -2.032e-7, 5.266e-6
0.270, -1.879e-7, 5.264e-6
0.271, -2.054e-7, 5.262e-6
0.272, -1.883e-7, 5.260e-6
0.273, -2.035e-7, 5.258e-6
0.274, -1.887e-7, 5.256e-6
0.275, -2.053e-7, 5.254e-6
0.276, -1.889e-7, 5.252e-6
0.277, -2.059e-7, 5.250e-6
0.278, -1.879e-7, 5.248e-6
0.279, -2.054e-7, 5.246e-6
0.280, -1.898e-7, 5.244e-6
0.281, -2.057e-7, 5.242e-6
0.282, -1.884e-7, 5.240e-6
0.283, -2.057e-7, 5.238e-6
0.284, -1.897e-7, 5.236e-6
0.285, -2.046e-7, 5.234e-6
0.286, -1.893e-7, 5.232e-6
0.287, -2.066e-7, 5.230e-6
0.288, -1.892e-7, 5.228e-6
0.289, -2.058e-7, 5.226e-6
0.290, -1.913e-7, 5.224e-6
0.291, -2.071e-7, 5.222e-6
0.292, -1.893e-7, 5.220e-6
0.293, -2.087e-7, 5.218e-6
0.294, -1.906e-7, 5.216e-6
0.295, -2.079e-7, 5.214e-6
0.296, -1.921e-7, 5.212e-6
0.297, -2.074e-7, 5.210e-6
0.298, -1.917e-7, 5.208e-6
0.299, -2.095e-7, 5.206e-6
0.300, -1.917e-7, 5.204e-6
0.301, -2.082e-7, 5.202e-6
0.302, -1.929e-7, 5.200e-6
0.303, -2.101e-7, 5.198e-6
0.304, -1.915e-7, 5.196e-6
0.305, -2.095e-7, 5.194e-6
0.306, -1.952e-7, 5.192e-6
0.307, -2.106e-7, 5.190e-6
0.308, -1.961e-7, 5.188e-6
0.309, -2.110e-7, 5.186e-6
0.310, -1.942e-7, 5.184e-6
0.311, -2.110e-7, 5.182e-6
0.312, -1.965e-7, 5.180e-6
0.313, -2.123e-7, 5.178e-6
0.314, -1.954e-7, 5.176e-6
0.315, -2.125e-7, 5.174e-6
0.316, -1.962e-7, 5.172e-6
0.317, -2.116e-7, 5.170e-6
0.318, -1.968e-7, 5.168e-6
0.319, -2.130e-7, 5.166e-6
0.320, -1.975e-7, 5.164e-6
0.321, -2.149e-7, 5.162e-6
0.322, -2.007e-7, 5.159e-6
0.323, -2.159e-7, 5.157e-6
0.324, -1.974e-7, 5.155e-6
0.325, -2.168e-7, 5.153e-6
0.326, -2.006e-7, 5.151e-6
0.327, -2.161e-7, 5.149e-6
0.328, -2.032e-7, 5.147e-6
0.329, -2.177e-7, 5.145e-6
0.330, -2.014e-7, 5.143e-6
0.331, -2.181e-7, 5.141e-6
0.332, -2.041e-7, 5.139e-6
0.333, -2.185e-7, 5.136e-6
0.334, -2.040e-7, 5.134e-6
0.335, -2.227e-7, 5.132e-6
0.336, -2.045e-7, 5.130e-6
0.337, -2.199e-7, 5.128e-6
0.338, -2.075e-7, 5.126e-6
0.339, -2.226e-7, 5.124e-6
0.340, -2.074e-7, 5.122e-6
0.341, -2.267e-7, 5.119e-6
0.342, -2.082e-7, 5.117e-6
0.343, -2.234e-7, 5.115e-6
0.344, -2.095e-7, 5.113e-6
0.345, -2.265e-7, 5.111e-6
0.346, -2.100e-7, 5.108e-6
0.347, -2.300e-7, 5.106e-6
0.348, -2.122e-7, 5.104e-6
0.349, -2.298e-7, 5.102e-6
0.350, -2.120e-7, 5.100e-6
0.351, -2.318e-7, 5.097e-6
0.352, -2.129e-7, 5.095e-6
0.353, -2.316e-7, 5.093e-6
0.354, -2.162e-7, 5.091e-6
0.355, -2.325e-7, 5.088e-6
0.356, -2.155e-7, 5.086e-6
0.357, -2.352e-7, 5.084e-6
0.358, -2.188e-7, 5.082e-6
0.359, -2.350e-7, 5.079e-6
0.360, -2.215e-7, 5.077e-6
0.361, -2.356e-7, 5.075e-6
0.362, -2.209e-7, 5.073e-6
0.363, -2.365e-7, 5.070e-6
0.364, -2.223e-7, 5.068e-6
0.365, -2.379e-7, 5.066e-6
0.366, -2.238e-7, 5.063e-6
0.367, -2.397e-7, 5.061e-6
0.368, -2.257e-7, 5.059e-6
0.369, -2.408e-7, 5.056e-6
0.370, -2.297e-7, 5.054e-6
0.371, -2.437e-7, 5.052e-6
0.372, -2.295e-7, 5.049e-6
0.373, -2.476e-7, 5.047e-6
0.374, -2.315e-7, 5.044e-6
0.375, -2.462e-7, 5.042e-6
0.376, -2.327e-7, 5.040e-6
0.377, -2.502e-7, 5.037e-6
0.378, -2.342e-7, 5.035e-6
0.379, -2.538e-7, 5.032e-6
0.380, -2.356e-7, 5.030e-6
0.381, -2.553e-7, 5.027e-6
0.382, -2.365e-7, 5.025e-6
0.383, -2.581e-7, 5.022e-6
0.384, -2.381e-7, 5.020e-6
0.385, -2.585e-7, 5.017e-6
0.386, -2.421e-7, 5.015e-6
0.387, -2.612e-7, 5.012e-6
0.388, -2.423e-7, 5.010e-6
0.389, -2.669e-7, 5.007e-6
0.390, -2.455e-7, 5.005e-6
0.391, -2.667e-7, 5.002e-6
0.392, -2.489e-7, 5.000e-6
0.393, -2.699e-7, 4.997e-6
0.394, -2.494e-7, 4.995e-6
0.395, -2.732e-7, 4.992e-6
0.396, -2.536e-7, 4.989e-6
0.397, -2.765e-7, 4.987e-6
0.398, -2.560e-7, 4.984e-6
0.399, -2.811e-7, 4.981e-6
0.400, -2.591e-7, 4.979e-6
0.401, -2.811e-7, 4.976e-6
0.402, -2.648e-7, 4.973e-6
0.403, -2.835e-7, 4.970e-6
0.404, -2.647e-7, 4.968e-6
0.405, -2.877e-7, 4.965e-6
0.406, -2.677e-7, 4.962e-6
0.407, -2.880e-7, 4.959e-6
0.408, -2.732e-7, 4.956e-6
0.409, -2.945e-7, 4.954e-6
0.410, -2.587e-7, 4.951e-6
0.411, -2.932e-7, 4.948e-6
0.412, -2.774e-7, 4.945e-6
0.413, -3.002e-7, 4.942e-6
0.414, -2.805e-7, 4.939e-6
0.415, -3.069e-7, 4.936e-6
0.416, -2.844e-7, 4.933e-6
0.417, -3.081e-7, 4.930e-6
0.418, -2.897e-7, 4.928e-6
0.419, -3.133e-7, 4.924e-6
0.420, -2.899e-7, 4.921e-6
0.421, -3.223e-7, 4.918e-6
0.422, -2.952e-7, 4.915e-6
0.423, -3.244e-7, 4.912e-6
0.424, -2.998e-7, 4.909e-6
0.425, -3.292e-7, 4.906e-6
0.426, -3.040e-7, 4.903e-6
0.427, -3.320e-7, 4.899e-6
0.428, -3.099e-7, 4.896e-6
0.429, -3.363e-7, 4.893e-6
0.430, -3.143e-7, 4.890e-6
0.431, -3.441e-7, 4.886e-6
0.432, -3.171e-7, 4.883e-6
0.433, -3.470e-7, 4.880e-6
0.434, -3.272e-7, 4.876e-6
0.435, -3.547e-7, 4.873e-6
0.436, -3.300e-7, 4.870e-6
0.437, -3.622e-7, 4.866e-6
0.438, -3.372e-7, 4.863e-6
0.439, -3.649e-7, 4.859e-6
0.440, -3.421e-7, 4.856e-6
0.441, -3.738e-7, 4.852e-6
0.442, -3.462e-7, 4.848e-6
0.443, -3.812e-7, 4.845e-6
0.444, -3.563e-7, 4.841e-6
0.445, -3.858e-7, 4.837e-6
0.446, -3.604e-7, 4.834e-6
0.447, -3.970e-7, 4.830e-6
0.448, -3.696e-7, 4.826e-6
0.449, -4.040e-7, 4.822e-6
0.450, -3.788e-7, 4.818e-6
0.451, -4.137e-7, 4.814e-6
0.452, -3.841e-7, 4.810e-6
0.453, -4.259e-7, 4.806e-6
0.454, -3.930e-7, 4.802e-6
0.455, -4.312e-7, 4.798e-6
0.456, -4.060e-7, 4.793e-6
0.457, -4.420e-7, 4.789e-6
0.458, -4.157e-7, 4.785e-6
0.459, -4.576e-7, 4.780e-6
0.460, -4.257e-7, 4.776e-6
0.461, -4.670e-7, 4.771e-6
0.462, -4.379e-7, 4.767e-6
0.463, -4.828e-7, 4.762e-6
0.464, -4.505e-7, 4.758e-6
0.465, -4.926e-7, 4.753e-6
0.466, -4.694e-7, 4.748e-6
0.467, -5.089e-7, 4.743e-6
0.468, -4.799e-7, 4.738e-6
0.469, -5.274e-7, 4.733e-6
0.470, -4.972e-7, 4.728e-6
0.471, -5.413e-7, 4.723e-6
0.472, -5.156e-7, 4.717e-6
0.473, -5.634e-7, 4.712e-6
0.474, -5.330e-7, 4.706e-6
0.475, -5.790e-7, 4.701e-6
0.476, -5.539e-7, 4.695e-6
0.477, -6.000e-7, 4.689e-6
0.478, -5.717e-7, 4.683e-6
0.479, -6.273e-7, 4.677e-6
0.480, -5.952e-7, 4.671e-6
0.481, -6.462e-7, 4.665e-6
0.482, -6.207e-7, 4.658e-6
0.483, -6.746e-7, 4.652e-6
0.484, -6.410e-7, 4.645e-6
0.485, -7.040e-7, 4.638e-6
0.486, -6.679e-7, 4.632e-6
0.487, -7.265e-7, 4.624e-6
0.488, -7.022e-7, 4.617e-6
0.489, -7.581e-7, 4.610e-6
0.490, -7.285e-7, 4.602e-6
0.491, -7.853e-7, 4.595e-6
0.492, -7.620e-7, 4.587e-6
0.493, -8.198e-7, 4.579e-6
0.494, -7.878e-7, 4.571e-6
0.495, -8.631e-7, 4.562e-6
0.496, -8.201e-7, 4.554e-6
0.497, -8.900e-7, 4.545e-6
0.498, -8.669e-7, 4.536e-6
0.499, -9.261e-7, 4.527e-6
0.500, -8.956e-7, 4.518e-6
0.501, -9.656e-7, 4.509e-6
0.502, -9.319e-7, 4.499e-6
0.503, -9.993e-7, 4.489e-6
0.504, -9.703e-7, 4.480e-6
0.505, -1.037e-6, 4.469e-6
0.506, -1.007e-6, 4.459e-6
0.507, -1.072e-6, 4.448e-6
0.508, -1.040e-6, 4.438e-6
0.509, -1.110e-6, 4.427e-6
0.510, -1.075e-6, 4.416e-6
0.511, -1.148e-6, 4.405e-6
0.512, -1.123e-6, 4.393e-6
0.513, -1.186e-6, 4.382e-6
0.514, -1.158e-6, 4.370e-6
0.515, -1.215e-6, 4.358e-6
0.516, -1.180e-6, 4.346e-6
0.517, -1.256e-6, 4.334e-6
0.518, -1.215e-6, 4.321e-6
0.519, -1.281e-6, 4.309e-6
0.520, -1.245e-6, 4.296e-6
0.521, -1.314e-6, 4.283e-6
0.522, -1.275e-6, 4.270e-6
0.523, -1.346e-6, 4.257e-6
0.524, -1.308e-6, 4.244e-6
0.525, -1.368e-6, 4.230e-6
0.526, -1.329e-6, 4.217e-6
0.527, -1.404e-6, 4.203e-6
0.528, -1.358e-6, 4.189e-6
0.529, -1.419e-6, 4.175e-6
0.530, -1.388e-6, 4.161e-6
0.531, -1.446e-6, 4.147e-6
0.532, -1.402e-6, 4.133e-6
0.533, -1.474e-6, 4.118e-6
0.534, -1.426e-6, 4.104e-6
0.535, -1.487e-6, 4.089e-6
0.536, -1.442e-6, 4.074e-6
0.537, -1.505e-6, 4.059e-6
0.538, -1.461e-6, 4.045e-6
0.539, -1.524e-6, 4.029e-6
0.540, -1.482e-6, 4.015e-6
0.541, -1.538e-6, 3.999e-6
0.542, -1.496e-6, 3.984e-6
0.543, -1.560e-6, 3.969e-6
0.544, -1.510e-6, 3.953e-6
0.545, -1.567e-6, 3.938e-6
0.546, -1.527e-6, 3.923e-6
0.547, -1.578e-6, 3.907e-6
0.548, -1.531e-6, 3.891e-6
0.549, -1.597e-6, 3.875e-6
0.550, -1.547e-6, 3.860e-6
0.551, -1.602e-6, 3.844e-6
0.552, -1.555e-6, 3.828e-6
0.553, -1.612e-6, 3.812e-6
0.554, -1.563e-6, 3.797e-6
0.555, -1.621e-6, 3.780e-6
0.556, -1.574e-6, 3.765e-6
0.557, -1.634e-6, 3.748e-6
0.558, -1.578e-6, 3.733e-6
0.559, -1.647e-6, 3.716e-6
0.560, -1.587e-6, 3.700e-6
0.561, -1.648e-6, 3.684e-6
0.562, -1.598e-6, 3.668e-6
0.563, -1.656e-6, 3.651e-6
0.564, -1.604e-6, 3.635e-6
0.565, -1.667e-6, 3.619e-6
0.566, -1.606e-6, 3.603e-6
0.567, -1.667e-6, 3.586e-6
0.568, -1.616e-6, 3.570e-6
0.569, -1.676e-6, 3.553e-6
0.570, -1.622e-6, 3.537e-6
0.571, -1.681e-6, 3.520e-6
0.572, -1.633e-6, 3.504e-6
0.573, -1.690e-6, 3.487e-6
0.574, -1.638e-6, 3.470e-6
0.575, -1.697e-6, 3.453e-6
0.576, -1.639e-6, 3.437e-6
0.577, -1.698e-6, 3.420e-6
0.578, -1.652e-6, 3.403e-6
0.579, -1.701e-6, 3.386e-6
0.580, -1.650e-6, 3.370e-6
0.581, -1.710e-6, 3.353e-6
0.582, -1.656e-6, 3.336e-6
0.583, -1.709e-6, 3.319e-6
0.584, -1.666e-6, 3.302e-6
0.585, -1.717e-6, 3.285e-6
0.586, -1.667e-6, 3.269e-6
0.587, -1.719e-6, 3.251e-6
0.588, -1.673e-6, 3.235e-6
0.589, -1.726e-6, 3.217e-6
0.590, -1.677e-6, 3.201e-6
0.591, -1.731e-6, 3.183e-6
0.592, -1.682e-6, 3.167e-6
0.593, -1.730e-6, 3.149e-6
0.594, -1.688e-6, 3.132e-6
0.595, -1.735e-6, 3.115e-6
0.596, -1.689e-6, 3.098e-6
0.597, -1.742e-6, 3.081e-6
0.598, -1.693e-6, 3.064e-6
0.599, -1.742e-6, 3.046e-6
0.600, -1.695e-6, 3.029e-6
0.601, -1.743e-6, 3.012e-6
0.602, -1.695e-6, 2.995e-6
0.603, -1.746e-6, 2.978e-6
0.604, -1.701e-6, 2.961e-6
0.605, -1.746e-6, 2.943e-6
0.606, -1.700e-6, 2.926e-6
0.607, -1.751e-6, 2.909e-6
0.608, -1.702e-6, 2.892e-6
0.609, -1.748e-6, 2.874e-6
0.610, -1.708e-6, 2.857e-6
0.611, -1.751e-6, 2.839e-6
0.612, -1.702e-6, 2.822e-6
0.613, -1.754e-6, 2.805e-6
0.614, -1.703e-6, 2.788e-6
0.615, -1.742e-6, 2.770e-6
0.616, -1.699e-6, 2.754e-6
0.617, -1.750e-6, 2.736e-6
0.618, -1.701e-6, 2.719e-6
0.619, -1.750e-6, 2.701e-6
0.620, -1.707e-6, 2.684e-6
0.621, -1.752e-6, 2.667e-6
0.622, -1.702e-6, 2.650e-6
0.623, -1.755e-6, 2.632e-6
0.624, -1.705e-6, 2.615e-6
0.625, -1.750e-6, 2.598e-6
0.626, -1.710e-6, 2.581e-6
0.627, -1.753e-6, 2.563e-6
0.628, -1.706e-6, 2.546e-6
0.629, -1.755e-6, 2.529e-6
0.630, -1.706e-6, 2.512e-6
0.631, -1.752e-6, 2.494e-6
0.632, -1.710e-6, 2.477e-6
0.633, -1.753e-6, 2.459e-6
0.634, -1.708e-6, 2.442e-6
0.635, -1.753e-6, 2.425e-6
0.636, -1.710e-6, 2.408e-6
0.637, -1.755e-6, 2.390e-6
0.638, -1.708e-6, 2.373e-6
0.639, -1.759e-6, 2.355e-6
0.640, -1.709e-6, 2.338e-6
0.641, -1.751e-6, 2.321e-6
0.642, -1.714e-6, 2.304e-6
0.643, -1.755e-6, 2.286e-6
0.644, -1.704e-6, 2.269e-6
0.645, -1.758e-6, 2.251e-6
0.646, -1.706e-6, 2.234e-6
0.647, -1.755e-6, 2.217e-6
0.648, -1.711e-6, 2.200e-6
0.649, -1.756e-6, 2.182e-6
0.650, -1.709e-6, 2.165e-6
0.651, -1.754e-6, 2.148e-6
0.652, -1.710e-6, 2.130e-6
0.653, -1.754e-6, 2.113e-6
0.654, -1.708e-6, 2.096e-6
0.655, -1.758e-6, 2.078e-6
0.656, -1.708e-6, 2.061e-6
0.657, -1.750e-6, 2.044e-6
0.658, -1.713e-6, 2.027e-6
0.659, -1.753e-6, 2.009e-6
0.660, -1.705e-6, 1.992e-6
0.661, -1.758e-6, 1.974e-6
0.662, -1.708e-6, 1.957e-6
0.663, -1.752e-6, 1.940e-6
0.664, -1.710e-6, 1.923e-6
0.665, -1.753e-6, 1.905e-6
0.666, -1.708e-6, 1.888e-6
0.667, -1.751e-6, 1.871e-6
0.668, -1.707e-6, 1.854e-6
0.669, -1.750e-6, 1.836e-6
0.670, -1.703e-6, 1.819e-6
0.671, -1.751e-6, 1.801e-6
0.672, -1.706e-6, 1.784e-6
0.673, -1.749e-6, 1.767e-6
0.674, -1.708e-6, 1.750e-6
0.675, -1.747e-6, 1.732e-6
0.676, -1.701e-6, 1.715e-6
0.677, -1.749e-6, 1.698e-6
0.678, -1.703e-6, 1.681e-6
0.679, -1.746e-6, 1.663e-6
0.680, -1.706e-6, 1.646e-6
0.681, -1.746e-6, 1.629e-6
0.682, -1.701e-6, 1.612e-6
0.683, -1.745e-6, 1.594e-6
0.684, -1.703e-6, 1.577e-6
0.685, -1.744e-6, 1.560e-6
0.686, -1.700e-6, 1.543e-6
0.687, -1.745e-6, 1.525e-6
0.688, -1.699e-6, 1.508e-6
0.689, -1.739e-6, 1.491e-6
0.690, -1.702e-6, 1.474e-6
0.691, -1.739e-6, 1.457e-6
0.692, -1.697e-6, 1.440e-6
0.693, -1.740e-6, 1.422e-6
0.694, -1.697e-6, 1.405e-6
0.695, -1.738e-6, 1.388e-6
0.696, -1.694e-6, 1.371e-6
0.697, -1.737e-6, 1.354e-6
0.698, -1.697e-6, 1.337e-6
0.699, -1.736e-6, 1.319e-6
0.700, -1.696e-6, 1.302e-6
0.701, -1.735e-6, 1.285e-6
0.702, -1.691e-6, 1.268e-6
0.703, -1.736e-6, 1.251e-6
0.704, -1.693e-6, 1.234e-6
0.705, -1.730e-6, 1.216e-6
0.706, -1.696e-6, 1.200e-6
0.707, -1.730e-6, 1.182e-6
0.708, -1.690e-6, 1.165e-6
0.709, -1.733e-6, 1.148e-6
0.710, -1.690e-6, 1.131e-6
0.711, -1.727e-6, 1.114e-6
0.712, -1.686e-6, 1.097e-6
0.713, -1.725e-6, 1.080e-6
0.714, -1.685e-6, 1.063e-6
0.715, -1.724e-6, 1.046e-6
0.716, -1.686e-6, 1.029e-6
0.717, -1.729e-6, 1.011e-6
0.718, -1.684e-6, 9.946e-7
0.719, -1.726e-6, 9.774e-7
0.720, -1.684e-6, 9.605e-7
0.721, -1.718e-6, 9.434e-7
0.722, -1.685e-6, 9.265e-7
0.723, -1.717e-6, 9.094e-7
0.724, -1.678e-6, 8.926e-7
0.725, -1.719e-6, 8.754e-7
0.726, -1.678e-6, 8.586e-7
0.727, -1.714e-6, 8.415e-7
0.728, -1.675e-6, 8.247e-7
0.729, -1.709e-6, 8.076e-7
0.730, -1.668e-6, 7.909e-7
0.731, -1.706e-6, 7.739e-7
0.732, -1.670e-6, 7.572e-7
0.733, -1.703e-6, 7.401e-7
0.734, -1.661e-6, 7.235e-7
0.735, -1.704e-6, 7.065e-7
0.736, -1.660e-6, 6.899e-7
0.737, -1.699e-6, 6.729e-7
0.738, -1.662e-6, 6.563e-7
0.739, -1.696e-6, 6.393e-7
0.740, -1.654e-6, 6.228e-7
0.741, -1.696e-6, 6.058e-7
0.742, -1.655e-6, 5.893e-7
0.743, -1.692e-6, 5.724e-7
0.744, -1.650e-6, 5.559e-7
0.745, -1.692e-6, 5.389e-7
0.746, -1.647e-6, 5.225e-7
0.747, -1.686e-6, 5.056e-7
0.748, -1.648e-6, 4.891e-7
0.749, -1.681e-6, 4.723e-7
0.750, -1.642e-6, 4.559e-7
0.751, -1.681e-6, 4.391e-7
0.752, -1.641e-6, 4.227e-7
0.753, -1.675e-6, 4.059e-7
0.754, -1.639e-6, 3.895e-7
0.755, -1.672e-6, 3.728e-7
0.756, -1.633e-6, 3.565e-7
0.757, -1.673e-6, 3.398e-7
0.758, -1.629e-6, 3.235e-7
0.759, -1.665e-6, 3.068e-7
0.760, -1.626e-6, 2.906e-7
0.761, -1.667e-6, 2.739e-7
0.762, -1.622e-6, 2.577e-7
0.763, -1.662e-6, 2.410e-7
0.764, -1.623e-6, 2.248e-7
0.765, -1.658e-6, 2.082e-7
0.766, -1.617e-6, 1.921e-7
0.767, -1.661e-6, 1.755e-7
0.768, -1.616e-6, 1.593e-7
0.769, -1.653e-6, 1.428e-7
0.770, -1.616e-6, 1.266e-7
0.771, -1.654e-6, 1.101e-7
0.772, -1.608e-6, 9.401e-8
0.773, -1.652e-6, 7.748e-8
0.774, -1.609e-6, 6.139e-8
0.775, -1.650e-6, 4.490e-8
0.776, -1.610e-6, 2.879e-8
0.777, -1.651e-6, 1.229e-8
0.778, -1.604e-6, -3.759e-9
0.779, -1.649e-6, -2.025e-8
0.780, -1.606e-6, -3.631e-8
0.781, -1.647e-6, -5.278e-8
0.782, -1.603e-6, -6.881e-8
0.783, -1.648e-6, -8.529e-8
0.784, -1.603e-6, -1.013e-7
0.785, -1.644e-6, -1.178e-7
0.786, -1.605e-6, -1.338e-7
0.787, -1.646e-6, -1.503e-7
0.788, -1.602e-6, -1.663e-7
0.789, -1.646e-6, -1.827e-7
0.790, -1.602e-6, -1.988e-7
0.791, -1.640e-6, -2.152e-7
0.792, -1.601e-6, -2.312e-7
0.793, -1.640e-6, -2.476e-7
0.794, -1.601e-6, -2.636e-7
0.795, -1.641e-6, -2.800e-7
0.796, -1.601e-6, -2.960e-7
0.797, -1.640e-6, -3.124e-7
0.798, -1.599e-6, -3.284e-7
0.799, -1.644e-6, -3.448e-7
0.800, -1.600e-6, -3.608e-7
0.801, -1.639e-6, -3.772e-7
0.802, -1.602e-6, -3.932e-7
0.803, -1.640e-6, -4.096e-7
0.804, -1.599e-6, -4.256e-7
0.805, -1.642e-6, -4.420e-7
0.806, -1.600e-6, -4.580e-7
0.807, -1.640e-6, -4.744e-7
0.808, -1.603e-6, -4.905e-7
0.809, -1.642e-6, -5.069e-7
0.810, -1.601e-6, -5.229e-7
0.811, -1.642e-6, -5.393e-7
0.812, -1.602e-6, -5.553e-7
0.813, -1.642e-6, -5.718e-7
0.814, -1.600e-6, -5.878e-7
0.815, -1.646e-6, -6.042e-7
0.816, -1.603e-6, -6.203e-7
0.817, -1.640e-6, -6.367e-7
0.818, -1.606e-6, -6.527e-7
0.819, -1.638e-6, -6.691e-7
0.820, -1.593e-6, -6.850e-7
0.821, -1.643e-6, -7.015e-7
0.822, -1.601e-6, -7.175e-7
0.823, -1.644e-6, -7.339e-7
0.824, -1.605e-6, -7.499e-7
0.825, -1.646e-6, -7.664e-7
0.826, -1.606e-6, -7.825e-7
0.827, -1.647e-6, -7.989e-7
0.828, -1.609e-6, -8.150e-7
0.829, -1.647e-6, -8.315e-7
0.830, -1.609e-6, -8.476e-7
0.831, -1.648e-6, -8.641e-7
0.832, -1.611e-6, -8.802e-7
0.833, -1.650e-6, -8.967e-7
0.834, -1.617e-6, -9.128e-7
0.835, -1.651e-6, -9.293e-7
0.836, -1.615e-6, -9.455e-7
0.837, -1.655e-6, -9.620e-7
0.838, -1.618e-6, -9.782e-7
0.839, -1.655e-6, -9.948e-7
0.840, -1.624e-6, -1.011e-6
0.841, -1.657e-6, -1.028e-6
0.842, -1.624e-6, -1.044e-6
0.843, -1.660e-6, -1.060e-6
0.844, -1.632e-6, -1.077e-6
0.845, -1.662e-6, -1.093e-6
0.846, -1.631e-6, -1.110e-6
0.847, -1.666e-6, -1.126e-6
0.848, -1.633e-6, -1.143e-6
0.849, -1.665e-6, -1.159e-6
0.850, -1.642e-6, -1.176e-6
0.851, -1.670e-6, -1.192e-6
0.852, -1.641e-6, -1.209e-6
0.853, -1.676e-6, -1.226e-6
0.854, -1.644e-6, -1.242e-6
0.855, -1.674e-6, -1.259e-6
0.856, -1.646e-6, -1.275e-6
0.857, -1.679e-6, -1.292e-6
0.858, -1.647e-6, -1.309e-6
0.859, -1.682e-6, -1.325e-6
0.860, -1.654e-6, -1.342e-6
0.861, -1.684e-6, -1.359e-6
0.862, -1.653e-6, -1.375e-6
0.863, -1.691e-6, -1.392e-6
0.864, -1.657e-6, -1.409e-6
0.865, -1.690e-6, -1.426e-6
0.866, -1.662e-6, -1.442e-6
0.867, -1.692e-6, -1.459e-6
0.868, -1.662e-6, -1.476e-6
0.869, -1.698e-6, -1.493e-6
0.870, -1.667e-6, -1.509e-6
0.871, -1.699e-6, -1.526e-6
0.872, -1.672e-6, -1.543e-6
0.873, -1.702e-6, -1.560e-6
0.874, -1.672e-6, -1.577e-6
0.875, -1.702e-6, -1.594e-6
0.876, -1.677e-6, -1.611e-6
0.877, -1.705e-6, -1.628e-6
0.878, -1.677e-6, -1.645e-6
0.879, -1.712e-6, -1.662e-6
0.880, -1.683e-6, -1.678e-6
0.881, -1.710e-6, -1.696e-6
0.882, -1.691e-6, -1.712e-6
0.883, -1.714e-6, -1.730e-6
0.884, -1.687e-6, -1.746e-6
0.885, -1.720e-6, -1.764e-6
0.886, -1.693e-6, -1.781e-6
0.887, -1.720e-6, -1.798e-6
0.888, -1.696e-6, -1.815e-6
0.889, -1.724e-6, -1.832e-6
0.890, -1.700e-6, -1.849e-6
0.891, -1.727e-6, -1.866e-6
0.892, -1.701e-6, -1.883e-6
0.893, -1.730e-6, -1.901e-6
0.894, -1.701e-6, -1.918e-6
0.895, -1.733e-6, -1.935e-6
0.896, -1.706e-6, -1.952e-6
0.897, -1.735e-6, -1.969e-6
0.898, -1.710e-6, -1.986e-6
0.899, -1.738e-6, -2.004e-6
0.900, -1.710e-6, -2.021e-6
0.901, -1.743e-6, -2.038e-6
0.902, -1.712e-6, -2.055e-6
0.903, -1.743e-6, -2.073e-6
0.904, -1.719e-6, -2.090e-6
0.905, -1.745e-6, -2.108e-6
0.906, -1.719e-6, -2.125e-6
0.907, -1.748e-6, -2.142e-6
0.908, -1.725e-6, -2.159e-6
0.909, -1.750e-6, -2.177e-6
0.910, -1.725e-6, -2.194e-6
0.911, -1.756e-6, -2.212e-6
0.912, -1.729e-6, -2.229e-6
0.913, -1.754e-6, -2.247e-6
0.914, -1.734e-6, -2.264e-6
0.915, -1.759e-6, -2.282e-6
0.916, -1.734e-6, -2.299e-6
0.917, -1.765e-6, -2.317e-6
0.918, -1.736e-6, -2.334e-6
0.919, -1.762e-6, -2.351e-6
0.920, -1.740e-6, -2.369e-6
0.921, -1.767e-6, -2.387e-6
0.922, -1.749e-6, -2.404e-6
0.923, -1.772e-6, -2.422e-6
0.924, -1.746e-6, -2.439e-6
0.925, -1.774e-6, -2.457e-6
0.926, -1.748e-6, -2.474e-6
0.927, -1.780e-6, -2.492e-6
0.928, -1.750e-6, -2.510e-6
0.929, -1.778e-6, -2.528e-6
0.930, -1.756e-6, -2.545e-6
0.931, -1.782e-6, -2.563e-6
0.932, -1.754e-6, -2.580e-6
0.933, -1.787e-6, -2.598e-6
0.934, -1.759e-6, -2.616e-6
0.935, -1.786e-6, -2.634e-6
0.936, -1.763e-6, -2.651e-6
0.937, -1.791e-6, -2.669e-6
0.938, -1.762e-6, -2.687e-6
0.939, -1.794e-6, -2.705e-6
0.940, -1.767e-6, -2.723e-6
0.941, -1.793e-6, -2.740e-6
0.942, -1.766e-6, -2.758e-6
0.943, -1.797e-6, -2.776e-6
0.944, -1.770e-6, -2.794e-6
0.945, -1.795e-6, -2.812e-6
0.946, -1.777e-6, -2.830e-6
0.947, -1.798e-6, -2.847e-6
0.948, -1.774e-6, -2.865e-6
0.949, -1.804e-6, -2.883e-6
0.950, -1.776e-6, -2.901e-6
0.951, -1.802e-6, -2.919e-6
0.952, -1.781e-6, -2.937e-6
0.953, -1.806e-6, -2.955e-6
0.954, -1.780e-6, -2.973e-6
0.955, -1.807e-6, -2.991e-6
0.956, -1.785e-6, -3.009e-6
0.957, -1.807e-6, -3.027e-6
0.958, -1.786e-6, -3.045e-6
0.959, -1.812e-6, -3.063e-6
0.960, -1.788e-6, -3.081e-6
0.961, -1.815e-6, -3.099e-6
0.962, -1.792e-6, -3.117e-6
0.963, -1.815e-6, -3.135e-6
0.964, -1.791e-6, -3.153e-6
0.965, -1.820e-6, -3.171e-6
0.966, -1.794e-6, -3.189e-6
0.967, -1.818e-6, -3.207e-6
0.968, -1.797e-6, -3.225e-6
0.969, -1.820e-6, -3.243e-6
0.970, -1.796e-6, -3.261e-6
0.971, -1.822e-6, -3.279e-6
0.972, -1.798e-6, -3.297e-6
0.973, -1.824e-6, -3.316e-6
0.974, -1.798e-6, -3.334e-6
0.975, -1.827e-6, -3.352e-6
0.976, -1.800e-6, -3.370e-6
0.977, -1.825e-6, -3.388e-6
0.978, -1.805e-6, -3.406e-6
0.979, -1.828e-6, -3.424e-6
0.980, -1.803e-6, -3.442e-6
0.981, -1.834e-6, -3.461e-6
0.982, -1.805e-6, -3.479e-6
0.983, -1.831e-6, -3.497e-6
0.984, -1.809e-6, -3.515e-6
0.985, -1.834e-6, -3.534e-6
0.986, -1.810e-6, -3.552e-6
0.987, -1.835e-6, -3.570e-6
0.988, -1.812e-6, -3.588e-6
0.989, -1.836e-6, -3.607e-6
0.990, -1.812e-6, -3.625e-6
0.991, -1.840e-6, -3.643e-6
0.992, -1.814e-6, -3.661e-6
0.993, -1.840e-6, -3.680e-6
0.994, -1.816e-6, -3.698e-6
0.995, -1.841e-6, -3.716e-6
0.996, -1.816e-6, -3.734e-6
0.997, -1.843e-6, -3.753e-6
0.998, -1.817e-6, -3.771e-6
0.999, -1.843e-6, -3.789e-6
1.000, -1.820e-6, -3.808e-6
1.001, -1.844e-6, -3.826e-6
1.002, -1.819e-6, -3.844e-6
1.003, -1.846e-6, -3.863e-6
1.004, -1.824e-6, -3.881e-6
1.005, -1.846e-6, -3.899e-6
1.006, -1.823e-6, -3.918e-6
1.007, -1.848e-6, -3.936e-6
1.008, -1.827e-6, -3.954e-6
1.009, -1.847e-6, -3.973e-6
1.010, -1.830e-6, -3.991e-6
1.011, -1.848e-6, -4.010e-6
1.012, -1.828e-6, -4.028e-6
1.013, -1.851e-6, -4.046e-6
1.014, -1.831e-6, -4.065e-6
1.015, -1.850e-6, -4.083e-6
1.016, -1.833e-6, -4.101e-6
1.017, -1.852e-6, -4.120e-6
1.018, -1.830e-6, -4.138e-6
1.019, -1.853e-6, -4.157e-6
1.020, -1.832e-6, -4.175e-6
1.021, -1.853e-6, -4.194e-6
1.022, -1.833e-6, -4.212e-6
1.023, -1.859e-6, -4.231e-6
1.024, -1.828e-6, -4.249e-6
1.025, -1.851e-6, -4.267e-6
1.026, -1.838e-6, -4.286e-6
1.027, -1.854e-6, -4.304e-6
1.028, -1.835e-6, -4.323e-6
1.029, -1.858e-6, -4.341e-6
1.030, -1.837e-6, -4.360e-6
1.031, -1.856e-6, -4.378e-6
1.032, -1.839e-6, -4.397e-6
1.033, -1.859e-6, -4.415e-6
1.034, -1.838e-6, -4.434e-6
1.035, -1.860e-6, -4.452e-6
1.036, -1.842e-6, -4.471e-6
1.037, -1.861e-6, -4.489e-6
1.038, -1.840e-6, -4.508e-6
1.039, -1.862e-6, -4.526e-6
1.040, -1.842e-6, -4.545e-6
1.041, -1.862e-6, -4.563e-6
1.042, -1.846e-6, -4.582e-6
1.043, -1.864e-6, -4.600e-6
1.044, -1.844e-6, -4.619e-6
1.045, -1.869e-6, -4.637e-6
1.046, -1.846e-6, -4.656e-6
1.047, -1.867e-6, -4.675e-6
1.048, -1.848e-6, -4.693e-6
1.049, -1.868e-6, -4.712e-6
1.050, -1.848e-6, -4.730e-6
1.051, -1.871e-6, -4.749e-6
1.052, -1.849e-6, -4.767e-6
1.053, -1.871e-6, -4.786e-6
1.054, -1.850e-6, -4.805e-6
1.055, -1.873e-6, -4.823e-6
1.056, -1.851e-6, -4.842e-6
1.057, -1.872e-6, -4.861e-6
1.058, -1.856e-6, -4.879e-6
1.059, -1.875e-6, -4.898e-6
1.060, -1.851e-6, -4.916e-6
1.061, -1.879e-6, -4.935e-6
1.062, -1.857e-6, -4.954e-6
1.063, -1.880e-6, -4.973e-6
1.064, -1.859e-6, -4.991e-6
1.065, -1.880e-6, -5.010e-6
1.066, -1.858e-6, -5.029e-6
1.067, -1.881e-6, -5.047e-6
1.068, -1.862e-6, -5.066e-6
1.069, -1.882e-6, -5.085e-6
1.070, -1.862e-6, -5.103e-6
1.071, -1.885e-6, -5.122e-6
1.072, -1.864e-6, -5.141e-6
1.073, -1.887e-6, -5.160e-6
1.074, -1.869e-6, -5.178e-6
1.075, -1.890e-6, -5.197e-6
1.076, -1.869e-6, -5.216e-6
1.077, -1.892e-6, -5.235e-6
1.078, -1.871e-6, -5.254e-6
1.079, -1.891e-6, -5.273e-6
1.080, -1.875e-6, -5.291e-6
1.081, -1.893e-6, -5.310e-6
1.082, -1.875e-6, -5.329e-6
1.083, -1.895e-6, -5.348e-6
1.084, -1.879e-6, -5.367e-6
1.085, -1.896e-6, -5.386e-6
1.086, -1.879e-6, -5.404e-6
1.087, -1.900e-6, -5.423e-6
1.088, -1.881e-6, -5.442e-6
1.089, -1.898e-6, -5.461e-6
1.090, -1.888e-6, -5.480e-6
1.091, -1.902e-6, -5.499e-6
1.092, -1.887e-6, -5.518e-6
1.093, -1.905e-6, -5.537e-6
1.094, -1.891e-6, -5.556e-6
1.095, -1.907e-6, -5.575e-6
1.096, -1.894e-6, -5.594e-6
1.097, -1.911e-6, -5.613e-6
1.098, -1.893e-6, -5.632e-6
1.099, -1.913e-6, -5.651e-6
1.100, -1.897e-6, -5.670e-6
1.101, -1.917e-6, -5.689e-6
1.102, -1.899e-6, -5.708e-6
1.103, -1.920e-6, -5.728e-6
1.104, -1.903e-6, -5.747e-6
1.105, -1.922e-6, -5.766e-6
1.106, -1.909e-6, -5.785e-6
1.107, -1.924e-6, -5.804e-6
1.108, -1.910e-6, -5.823e-6
1.109, -1.932e-6, -5.843e-6
1.110, -1.915e-6, -5.862e-6
1.111, -1.934e-6, -5.881e-6
1.112, -1.918e-6, -5.900e-6
1.113, -1.938e-6, -5.920e-6
1.114, -1.921e-6, -5.939e-6
1.115, -1.942e-6, -5.958e-6
1.116, -1.927e-6, -5.977e-6
1.117, -1.943e-6, -5.997e-6
1.118, -1.930e-6, -6.016e-6
1.119, -1.948e-6, -6.036e-6
1.120, -1.934e-6, -6.055e-6
1.121, -1.950e-6, -6.074e-6
1.122, -1.941e-6, -6.094e-6
1.123, -1.958e-6, -6.113e-6
1.124, -1.943e-6, -6.133e-6
1.125, -1.963e-6, -6.153e-6
1.126, -1.946e-6, -6.172e-6
1.127, -1.971e-6, -6.192e-6
1.128, -1.956e-6, -6.211e-6
1.129, -1.975e-6, -6.231e-6
1.130, -1.959e-6, -6.251e-6
1.131, -1.978e-6, -6.270e-6
1.132, -1.966e-6, -6.290e-6
1.133, -1.985e-6, -6.310e-6
1.134, -1.971e-6, -6.330e-6
1.135, -1.992e-6, -6.350e-6
1.136, -1.977e-6, -6.369e-6
1.137, -1.995e-6, -6.389e-6
1.138, -1.987e-6, -6.409e-6
1.139, -2.003e-6, -6.429e-6
1.140, -1.991e-6, -6.449e-6
1.141, -2.010e-6, -6.469e-6
1.142, -1.996e-6, -6.489e-6
1.143, -2.017e-6, -6.509e-6
1.144, -2.005e-6, -6.529e-6
1.145, -2.024e-6, -6.550e-6
1.146, -2.011e-6, -6.570e-6
1.147, -2.032e-6, -6.590e-6
1.148, -2.019e-6, -6.610e-6
1.149, -2.038e-6, -6.631e-6
1.150, -2.027e-6, -6.651e-6
1.151, -2.045e-6, -6.671e-6
1.152, -2.035e-6, -6.692e-6
1.153, -2.053e-6, -6.712e-6
1.154, -2.044e-6, -6.733e-6
1.155, -2.063e-6, -6.753e-6
1.156, -2.050e-6, -6.774e-6
1.157, -2.073e-6, -6.794e-6
1.158, -2.061e-6, -6.815e-6
1.159, -2.082e-6, -6.836e-6
1.160, -2.072e-6, -6.857e-6
1.161, -2.090e-6, -6.878e-6
1.162, -2.080e-6, -6.898e-6
1.163, -2.098e-6, -6.919e-6
1.164, -2.091e-6, -6.940e-6
1.165, -2.110e-6, -6.961e-6
1.166, -2.100e-6, -6.982e-6
1.167, -2.122e-6, -7.004e-6
1.168, -2.111e-6, -7.025e-6
1.169, -2.133e-6, -7.046e-6
1.170, -2.124e-6, -7.067e-6
1.171, -2.142e-6, -7.089e-6
1.172, -2.136e-6, -7.110e-6
1.173, -2.155e-6, -7.132e-6
1.174, -2.145e-6, -7.153e-6
1.175, -2.166e-6, -7.175e-6
1.176, -2.159e-6, -7.196e-6
1.177, -2.182e-6, -7.218e-6
1.178, -2.172e-6, -7.240e-6
1.179, -2.192e-6, -7.262e-6
1.180, -2.186e-6, -7.284e-6
1.181, -2.207e-6, -7.306e-6
1.182, -2.199e-6, -7.328e-6
1.183, -2.221e-6, -7.350e-6
1.184, -2.213e-6, -7.372e-6
1.185, -2.235e-6, -7.394e-6
1.186, -2.231e-6, -7.417e-6
1.187, -2.250e-6, -7.439e-6
1.188, -2.243e-6, -7.462e-6
1.189, -2.268e-6, -7.484e-6
1.190, -2.261e-6, -7.507e-6
1.191, -2.284e-6, -7.530e-6
1.192, -2.279e-6, -7.552e-6
1.193, -2.300e-6, -7.575e-6
1.194, -2.293e-6, -7.598e-6
1.195, -2.315e-6, -7.622e-6
1.196, -2.313e-6, -7.645e-6
1.197, -2.335e-6, -7.668e-6
1.198, -2.331e-6, -7.691e-6
1.199, -2.356e-6, -7.715e-6
1.200, -2.350e-6, -7.738e-6
1.201, -2.374e-6, -7.762e-6
1.202, -2.372e-6, -7.786e-6
1.203, -2.391e-6, -7.810e-6
1.204, -2.388e-6, -7.834e-6
1.205, -2.426e-6, -7.858e-6
1.206, -2.418e-6, -7.882e-6
1.207, -2.440e-6, -7.906e-6
1.208, -2.441e-6, -7.931e-6
1.209, -2.470e-6, -7.956e-6
1.210, -2.466e-6, -7.980e-6
1.211, -2.487e-6, -8.005e-6
1.212, -2.489e-6, -8.030e-6
1.213, -2.513e-6, -8.055e-6
1.214, -2.513e-6, -8.080e-6
1.215, -2.539e-6, -8.106e-6
1.216, -2.537e-6, -8.131e-6
1.217, -2.567e-6, -8.157e-6
1.218, -2.569e-6, -8.182e-6
1.219, -2.590e-6, -8.208e-6
1.220, -2.593e-6, -8.234e-6
1.221, -2.625e-6, -8.260e-6
1.222, -2.623e-6, -8.287e-6
1.223, -2.652e-6, -8.313e-6
1.224, -2.654e-6, -8.340e-6
1.225, -2.680e-6, -8.367e-6
1.226, -2.684e-6, -8.393e-6
1.227, -2.711e-6, -8.420e-6
1.228, -2.717e-6, -8.448e-6
1.229, -2.734e-6, -8.475e-6
1.230, -2.741e-6, -8.502e-6
1.231, -2.775e-6, -8.530e-6
1.232, -2.778e-6, -8.558e-6
1.233, -2.808e-6, -8.586e-6
1.234, -2.817e-6, -8.614e-6
1.235, -2.847e-6, -8.643e-6
1.236, -2.854e-6, -8.671e-6
1.237, -2.888e-6, -8.700e-6
1.238, -2.891e-6, -8.729e-6
1.239, -2.922e-6, -8.758e-6
1.240, -2.932e-6, -8.788e-6
1.241, -2.968e-6, -8.817e-6
1.242, -2.975e-6, -8.847e-6
1.243, -3.012e-6, -8.877e-6
1.244, -3.018e-6, -8.907e-6
1.245, -3.054e-6, -8.938e-6
1.246, -3.063e-6, -8.968e-6
1.247, -3.100e-6, -8.999e-6
1.248, -3.110e-6, -9.031e-6
1.249, -3.144e-6, -9.062e-6
1.250, -3.160e-6, -9.094e-6
1.251, -3.211e-6, -9.126e-6
1.252, -3.220e-6, -9.158e-6
1.253, -3.263e-6, -9.191e-6
1.254, -3.272e-6, -9.223e-6
1.255, -3.311e-6, -9.256e-6
1.256, -3.327e-6, -9.290e-6
1.257, -3.366e-6, -9.323e-6
1.258, -3.382e-6, -9.357e-6
1.259, -3.427e-6, -9.391e-6
1.260, -3.445e-6, -9.426e-6
1.261, -3.486e-6, -9.461e-6
1.262, -3.502e-6, -9.496e-6
1.263, -3.552e-6, -9.531e-6
1.264, -3.567e-6, -9.567e-6
1.265, -3.610e-6, -9.603e-6
1.266, -3.633e-6, -9.639e-6
1.267, -3.680e-6, -9.676e-6
1.268, -3.699e-6, -9.713e-6
1.269, -3.751e-6, -9.751e-6
1.270, -3.771e-6, -9.788e-6
1.271, -3.819e-6, -9.827e-6
1.272, -3.843e-6, -9.865e-6
1.273, -3.896e-6, -9.904e-6
1.274, -3.918e-6, -9.943e-6
1.275, -3.975e-6, -9.983e-6
1.276, -4.004e-6, -1.002e-5
1.277, -4.058e-6, -1.006e-5
1.278, -4.083e-6, -1.010e-5
1.279, -4.143e-6, -1.015e-5
1.280, -4.170e-6, -1.019e-5
1.281, -4.229e-6, -1.023e-5
1.282, -4.260e-6, -1.027e-5
1.283, -4.317e-6, -1.032e-5
1.284, -4.348e-6, -1.036e-5
1.285, -4.411e-6, -1.040e-5
1.286, -4.445e-6, -1.045e-5
1.287, -4.504e-6, -1.049e-5
1.288, -4.542e-6, -1.054e-5
1.289, -4.607e-6, -1.058e-5
1.290, -4.643e-6, -1.063e-5
1.291, -4.710e-6, -1.068e-5
1.292, -4.748e-6, -1.073e-5
1.293, -4.825e-6, -1.077e-5
1.294, -4.863e-6, -1.082e-5
1.295, -4.937e-6, -1.087e-5
1.296, -4.976e-6, -1.092e-5
1.297, -5.049e-6, -1.097e-5
1.298, -5.096e-6, -1.102e-5
1.299, -5.167e-6, -1.107e-5
1.300, -5.171e-6, -1.113e-5